62.0
62.0
62.0
63.0
64.0
64.0
64.0
65.0
65.0
65.0
65.0
65.0
65.0
66.0
66.0
67.0
67.0
67.0
67.0
68.0
68.0
68.0
68.0
69.0
69.0
69.0
69.0
69.0
70.0
70.0
70.0
70.0
70.0
70.0
70.0
71.0
71.0
71.0
71.0
71.0
71.0
71.0
71.0
71.0
71.0
72.0
72.0
72.0
72.0
72.0
72.0
72.0
72.0
72.0
72.0
72.0
72.0
72.0
72.0
72.0
73.0
73.0
73.0
73.0
73.0
73.0
73.0
73.0
73.0
74.0
74.0
74.0
74.0
74.0
74.0
75.0
75.0
75.0
76.0
77.0
77.0
77.0
78.0
78.0
78.0
78.0
78.0
78.0
79.0
79.0
79.0
79.0
79.0
80.0
80.0
80.0
80.0
80.0
80.0
80.0
81.0
81.0
81.0
82.0
82.0
83.0
83.0
83.0
83.0
83.0
84.0
84.0
84.0
84.0
85.0
85.0
85.0
85.0
85.0
85.0
85.0
85.0
86.0
86.0
86.0
86.0
86.0
89.0
89.0
89.0
89.0
89.0
90.0
90.0
91.0
92.0
93.0
93.0
93.0
94.0
94.0
95.0
96.0
96.0
96.0
97.0
98.0
98.0
98.0
98.0
99.0
99.0
100.0
100.0
101.0
102.0
102.0
103.0
103.0
103.0
104.0
104.0
104.0
105.0
105.0
106.0
106.0
106.0
107.0
129.0
130.0
130.0
133.0
133.0
134.0
135.0
135.0
135.0
135.0
136.0
137.0
137.0
137.0
137.0
138.0
138.0
138.0
138.0
139.0
139.0
139.0
140.0
140.0
141.0
142.0
142.0
142.0
142.0
142.0
144.0
144.0
145.0
145.0
146.0
147.0
148.0
149.0
153.0
157.0
157.0
158.0
158.0
158.0
159.0
159.0
159.0
159.0
160.0
160.0
160.0
161.0
161.0
161.0
161.0
161.0
161.0
161.0
162.0
162.0
162.0
162.0
163.0
163.0
163.0
163.0
163.0
164.0
164.0
164.0
164.0
164.0
164.0
165.0
165.0
165.0
165.0
166.0
166.0
166.0
166.0
166.0
166.0
167.0
167.0
167.0
167.0
167.0
167.0
168.0
168.0
168.0
169.0
169.0
170.0
170.0
171.0
172.0
172.0
175.0
177.0
179.0
179.0
180.0
181.0
181.0
181.0
182.0
182.0
183.0
183.0
185.0
186.0
186.0
186.0
187.0
188.0
189.0
189.0
189.0
189.0
190.0
190.0
190.0
191.0
192.0
192.0
193.0
195.0
205.0
249.0
251.0
255.0
256.0
257.0
257.0
263.0
265.0
266.0
267.0
269.0
269.0
270.0
272.0
273.0
274.0
276.0
276.0
276.0
276.0
276.0
278.0
279.0
284.0
289.0
290.0
296.0
296.0
298.0
298.0
302.0
304.0
308.0
309.0
310.0
316.0
332.0
332.0
334.0
336.0
342.0
345.0
346.0
347.0
350.0
351.0
358.0
360.0
363.0
363.0
369.0
369.0
373.0
375.0
376.0
379.0
380.0
382.0
386.0
391.0
392.0
392.0
400.0
400.0
404.0
405.0
406.0
406.0
408.0
409.0
414.0
414.0
416.0
418.0
426.0
431.0
432.0
433.0
440.0
446.0
452.0
452.0
455.0
460.0
462.0
464.0
466.0
472.0
474.0
486.0
514.0
