29.0
29.0
29.0
29.0
29.0
29.0
30.0
30.0
30.0
30.0
30.0
30.0
30.0
30.0
30.0
30.0
30.0
30.0
30.0
30.0
30.0
30.0
31.0
31.0
31.0
31.0
31.0
31.0
31.0
31.0
31.0
31.0
31.0
31.0
31.0
31.0
31.0
31.0
31.0
32.0
32.0
32.0
32.0
32.0
32.0
33.0
33.0
33.0
33.0
58.0
59.0
59.0
59.0
59.0
59.0
59.0
60.0
60.0
60.0
60.0
60.0
60.0
60.0
60.0
60.0
61.0
61.0
61.0
61.0
61.0
61.0
61.0
61.0
61.0
61.0
61.0
62.0
62.0
62.0
62.0
62.0
62.0
62.0
62.0
62.0
62.0
63.0
63.0
63.0
63.0
63.0
63.0
63.0
63.0
64.0
64.0
64.0
65.0
66.0
67.0
67.0
68.0
68.0
68.0
68.0
68.0
68.0
68.0
69.0
69.0
69.0
69.0
69.0
69.0
69.0
69.0
69.0
69.0
70.0
70.0
70.0
70.0
70.0
70.0
70.0
70.0
70.0
70.0
70.0
70.0
70.0
70.0
70.0
70.0
70.0
70.0
70.0
70.0
70.0
70.0
70.0
71.0
71.0
71.0
71.0
71.0
71.0
71.0
71.0
71.0
71.0
71.0
71.0
71.0
71.0
71.0
71.0
71.0
71.0
71.0
71.0
71.0
71.0
71.0
71.0
71.0
72.0
72.0
72.0
72.0
72.0
72.0
72.0
72.0
72.0
72.0
72.0
72.0
72.0
72.0
72.0
72.0
72.0
72.0
72.0
73.0
73.0
73.0
73.0
73.0
73.0
73.0
73.0
73.0
73.0
73.0
73.0
73.0
73.0
74.0
74.0
74.0
74.0
74.0
74.0
74.0
74.0
75.0
75.0
75.0
75.0
76.0
76.0
76.0
76.0
76.0
77.0
77.0
77.0
99.0
110.0
112.0
113.0
114.0
114.0
114.0
114.0
115.0
115.0
116.0
116.0
116.0
117.0
117.0
117.0
117.0
118.0
118.0
118.0
118.0
119.0
119.0
119.0
119.0
120.0
120.0
120.0
120.0
121.0
121.0
121.0
122.0
122.0
123.0
124.0
124.0
126.0
127.0
245.0
249.0
253.0
256.0
258.0
259.0
260.0
260.0
262.0
262.0
262.0
262.0
263.0
264.0
264.0
265.0
266.0
266.0
266.0
269.0
270.0
270.0
271.0
271.0
272.0
273.0
273.0
274.0
274.0
275.0
275.0
275.0
275.0
275.0
275.0
276.0
277.0
277.0
278.0
278.0
278.0
279.0
279.0
279.0
280.0
280.0
281.0
281.0
282.0
282.0
283.0
283.0
284.0
284.0
284.0
285.0
285.0
286.0
286.0
286.0
286.0
287.0
287.0
288.0
290.0
290.0
291.0
291.0
293.0
294.0
294.0
294.0
294.0
294.0
294.0
295.0
295.0
295.0
297.0
297.0
298.0
298.0
299.0
299.0
299.0
300.0
300.0
301.0
301.0
302.0
302.0
302.0
303.0
303.0
304.0
304.0
305.0
305.0
305.0
305.0
306.0
306.0
306.0
307.0
307.0
308.0
308.0
308.0
309.0
317.0
318.0
353.0
356.0
357.0
357.0
360.0
361.0
362.0
366.0
366.0
368.0
368.0
370.0
370.0
371.0
373.0
378.0
379.0
380.0
382.0
383.0
383.0
383.0
384.0
386.0
388.0
389.0
389.0
390.0
391.0
392.0
393.0
393.0
393.0
393.0
394.0
395.0
396.0
398.0
399.0
400.0
401.0
403.0
403.0
404.0
405.0
406.0
407.0
408.0
408.0
409.0
410.0
410.0
411.0
411.0
411.0
416.0
