64.0
65.0
66.0
66.0
66.0
66.0
67.0
67.0
67.0
67.0
67.0
67.0
67.0
68.0
68.0
68.0
68.0
68.0
68.0
68.0
68.0
68.0
68.0
68.0
69.0
69.0
69.0
69.0
69.0
69.0
69.0
69.0
69.0
70.0
70.0
70.0
70.0
70.0
70.0
70.0
70.0
70.0
71.0
71.0
71.0
71.0
71.0
71.0
71.0
72.0
72.0
72.0
72.0
72.0
72.0
72.0
72.0
72.0
72.0
72.0
72.0
72.0
72.0
72.0
72.0
72.0
72.0
72.0
72.0
72.0
73.0
73.0
73.0
73.0
73.0
73.0
73.0
74.0
74.0
74.0
74.0
74.0
74.0
74.0
74.0
74.0
74.0
75.0
75.0
75.0
75.0
75.0
75.0
76.0
76.0
76.0
76.0
76.0
76.0
76.0
77.0
77.0
77.0
77.0
78.0
78.0
78.0
78.0
79.0
79.0
80.0
80.0
81.0
81.0
81.0
81.0
81.0
82.0
82.0
83.0
83.0
84.0
85.0
85.0
86.0
86.0
87.0
87.0
87.0
87.0
88.0
88.0
88.0
88.0
89.0
90.0
90.0
91.0
93.0
97.0
97.0
98.0
99.0
110.0
116.0
137.0
143.0
151.0
161.0
165.0
167.0
168.0
170.0
171.0
175.0
179.0
179.0
180.0
180.0
181.0
181.0
181.0
182.0
182.0
182.0
183.0
183.0
183.0
184.0
184.0
185.0
185.0
186.0
186.0
186.0
187.0
187.0
187.0
187.0
188.0
188.0
189.0
189.0
189.0
189.0
189.0
190.0
190.0
190.0
190.0
191.0
191.0
192.0
192.0
192.0
192.0
193.0
193.0
195.0
196.0
197.0
206.0
210.0
215.0
217.0
236.0
236.0
239.0
245.0
256.0
256.0
260.0
261.0
265.0
273.0
274.0
274.0
279.0
283.0
284.0
285.0
285.0
286.0
287.0
288.0
288.0
288.0
289.0
290.0
290.0
290.0
291.0
298.0
302.0
309.0
311.0
313.0
315.0
316.0
318.0
327.0
327.0
329.0
331.0
332.0
336.0
336.0
338.0
339.0
340.0
342.0
346.0
347.0
350.0
350.0
351.0
352.0
355.0
356.0
360.0
361.0
363.0
364.0
364.0
364.0
365.0
366.0
368.0
369.0
369.0
370.0
371.0
372.0
374.0
376.0
377.0
379.0
383.0
383.0
385.0
389.0
391.0
393.0
393.0
393.0
408.0
409.0
413.0
414.0
440.0
441.0
442.0
464.0
470.0
474.0
475.0
485.0
492.0
500.0
501.0
503.0
504.0
507.0
527.0
528.0
530.0
533.0
539.0
539.0
542.0
545.0
549.0
553.0
566.0
568.0
569.0
573.0
583.0
585.0
588.0
602.0
602.0
604.0
621.0
657.0
664.0
674.0
681.0
683.0
690.0
699.0
701.0
709.0
712.0
718.0
720.0
720.0
721.0
725.0
729.0
731.0
739.0
743.0
755.0
760.0
762.0
776.0
776.0
779.0
779.0
789.0
791.0
795.0
847.0
861.0
862.0
863.0
864.0
875.0
876.0
891.0
918.0
944.0
975.0
982.0
1046.0
1092.0
1094.0
1151.0
1153.0
1166.0
1197.0
1204.0
1261.0
1283.0
1293.0
1340.0
1344.0
1360.0
1373.0
1379.0
1389.0
1389.0
1399.0
1407.0
1439.0
1563.0
1645.0
1653.0
1716.0
1766.0
1783.0
1805.0
1821.0
1870.0
1989.0
2035.0
2062.0
2081.0
2112.0
2123.0
2220.0
2389.0
2452.0
2470.0
2851.0
2937.0
