59.0
60.0
60.0
60.0
60.0
61.0
61.0
61.0
61.0
61.0
61.0
61.0
61.0
61.0
62.0
62.0
62.0
62.0
62.0
62.0
62.0
62.0
62.0
62.0
62.0
62.0
63.0
63.0
63.0
63.0
63.0
63.0
63.0
63.0
63.0
63.0
63.0
63.0
63.0
63.0
63.0
63.0
63.0
63.0
63.0
63.0
64.0
64.0
64.0
64.0
64.0
64.0
64.0
64.0
64.0
64.0
64.0
64.0
64.0
64.0
64.0
64.0
64.0
64.0
64.0
64.0
64.0
64.0
64.0
64.0
65.0
65.0
65.0
65.0
65.0
65.0
65.0
65.0
65.0
65.0
65.0
65.0
65.0
65.0
65.0
65.0
65.0
65.0
65.0
65.0
65.0
65.0
66.0
66.0
66.0
66.0
66.0
66.0
66.0
66.0
66.0
66.0
66.0
66.0
66.0
66.0
66.0
66.0
66.0
66.0
66.0
67.0
67.0
67.0
67.0
67.0
67.0
67.0
67.0
67.0
67.0
67.0
67.0
68.0
68.0
68.0
68.0
68.0
68.0
68.0
68.0
68.0
68.0
68.0
68.0
69.0
69.0
69.0
69.0
69.0
69.0
69.0
69.0
69.0
69.0
69.0
69.0
69.0
69.0
69.0
69.0
69.0
70.0
70.0
70.0
70.0
70.0
70.0
70.0
70.0
70.0
70.0
70.0
70.0
70.0
70.0
70.0
70.0
70.0
70.0
70.0
70.0
70.0
71.0
71.0
71.0
71.0
71.0
71.0
71.0
71.0
71.0
71.0
71.0
71.0
71.0
71.0
71.0
71.0
71.0
71.0
71.0
71.0
71.0
71.0
71.0
71.0
71.0
72.0
72.0
72.0
72.0
72.0
72.0
72.0
72.0
72.0
72.0
72.0
72.0
72.0
72.0
72.0
72.0
72.0
72.0
72.0
72.0
72.0
72.0
73.0
73.0
73.0
73.0
73.0
73.0
73.0
73.0
73.0
73.0
73.0
73.0
73.0
73.0
73.0
73.0
73.0
73.0
73.0
73.0
73.0
73.0
73.0
73.0
73.0
73.0
73.0
73.0
73.0
73.0
74.0
74.0
74.0
74.0
74.0
74.0
74.0
74.0
74.0
74.0
74.0
74.0
74.0
74.0
74.0
74.0
74.0
74.0
74.0
74.0
75.0
75.0
75.0
75.0
75.0
75.0
75.0
75.0
75.0
75.0
75.0
75.0
75.0
75.0
76.0
76.0
76.0
76.0
76.0
76.0
76.0
76.0
76.0
76.0
76.0
76.0
77.0
77.0
77.0
77.0
77.0
78.0
78.0
78.0
78.0
78.0
78.0
78.0
78.0
79.0
79.0
79.0
79.0
79.0
79.0
79.0
79.0
79.0
79.0
80.0
80.0
80.0
81.0
81.0
81.0
81.0
81.0
81.0
82.0
82.0
82.0
82.0
82.0
82.0
82.0
82.0
82.0
83.0
83.0
83.0
83.0
83.0
84.0
84.0
84.0
84.0
84.0
84.0
84.0
84.0
85.0
85.0
85.0
86.0
86.0
86.0
86.0
86.0
87.0
87.0
87.0
88.0
88.0
88.0
88.0
88.0
88.0
89.0
89.0
90.0
90.0
91.0
92.0
93.0
93.0
93.0
93.0
93.0
93.0
94.0
94.0
95.0
95.0
95.0
95.0
95.0
96.0
96.0
97.0
97.0
97.0
97.0
98.0
98.0
100.0
100.0
100.0
100.0
100.0
100.0
101.0
101.0
102.0
103.0
104.0
104.0
104.0
106.0
107.0
107.0
107.0
108.0
108.0
108.0
108.0
108.0
109.0
109.0
110.0
110.0
112.0
113.0
130.0
132.0
133.0
133.0
133.0
134.0
134.0
134.0
134.0
134.0
134.0
134.0
135.0
135.0
135.0
135.0
136.0
136.0
136.0
137.0
137.0
137.0
138.0
138.0
139.0
139.0
139.0
139.0
139.0
139.0
139.0
140.0
140.0
140.0
140.0
141.0
141.0
142.0
143.0
143.0
143.0
143.0
144.0
145.0
145.0
145.0
148.0
149.0
150.0
154.0
154.0
155.0
155.0
155.0
155.0
156.0
156.0
157.0
157.0
158.0
158.0
158.0
158.0
158.0
158.0
158.0
159.0
159.0
159.0
159.0
159.0
160.0
160.0
161.0
161.0
161.0
161.0
161.0
161.0
161.0
161.0
161.0
162.0
162.0
162.0
162.0
163.0
163.0
163.0
163.0
163.0
163.0
163.0
164.0
164.0
164.0
164.0
164.0
164.0
164.0
165.0
165.0
165.0
165.0
165.0
165.0
166.0
166.0
166.0
166.0
167.0
167.0
167.0
167.0
167.0
168.0
168.0
168.0
168.0
168.0
168.0
169.0
169.0
169.0
169.0
170.0
170.0
170.0
170.0
170.0
170.0
171.0
171.0
171.0
172.0
172.0
172.0
172.0
173.0
173.0
173.0
174.0
177.0
179.0
181.0
192.0
193.0
203.0
209.0
209.0
210.0
211.0
219.0
222.0
226.0
227.0
231.0
231.0
232.0
234.0
237.0
238.0
239.0
241.0
242.0
243.0
244.0
244.0
244.0
245.0
245.0
246.0
247.0
248.0
248.0
248.0
248.0
249.0
250.0
250.0
251.0
252.0
255.0
256.0
256.0
258.0
258.0
258.0
259.0
261.0
262.0
262.0
263.0
264.0
266.0
266.0
267.0
268.0
268.0
269.0
269.0
269.0
269.0
269.0
270.0
270.0
272.0
272.0
273.0
273.0
273.0
273.0
273.0
274.0
274.0
275.0
276.0
277.0
278.0
278.0
279.0
280.0
281.0
281.0
281.0
282.0
282.0
285.0
286.0
287.0
289.0
289.0
291.0
297.0
297.0
299.0
300.0
302.0
304.0
309.0
310.0
311.0
313.0
316.0
316.0
317.0
317.0
318.0
322.0
325.0
326.0
328.0
331.0
337.0
338.0
341.0
342.0
342.0
343.0
344.0
346.0
347.0
347.0
348.0
349.0
353.0
354.0
357.0
359.0
360.0
361.0
361.0
362.0
366.0
366.0
366.0
367.0
367.0
370.0
370.0
371.0
371.0
372.0
372.0
374.0
374.0
377.0
379.0
381.0
389.0
392.0
393.0
397.0
398.0
398.0
398.0
398.0
404.0
405.0
406.0
407.0
407.0
407.0
410.0
414.0
414.0
416.0
418.0
425.0
426.0
434.0
457.0
504.0
538.0
