64.0
65.0
66.0
66.0
67.0
67.0
67.0
67.0
67.0
67.0
68.0
68.0
68.0
68.0
68.0
68.0
68.0
68.0
68.0
69.0
69.0
69.0
69.0
69.0
69.0
69.0
69.0
69.0
69.0
69.0
69.0
70.0
70.0
70.0
70.0
70.0
70.0
70.0
70.0
70.0
70.0
70.0
70.0
70.0
70.0
71.0
71.0
71.0
71.0
71.0
71.0
71.0
71.0
71.0
71.0
71.0
71.0
71.0
71.0
72.0
72.0
72.0
72.0
72.0
72.0
72.0
72.0
72.0
72.0
72.0
72.0
72.0
72.0
72.0
72.0
72.0
72.0
72.0
72.0
72.0
73.0
73.0
73.0
73.0
73.0
73.0
73.0
73.0
73.0
73.0
73.0
73.0
73.0
73.0
74.0
74.0
74.0
74.0
74.0
74.0
74.0
74.0
75.0
75.0
75.0
75.0
75.0
75.0
75.0
75.0
75.0
75.0
76.0
76.0
76.0
76.0
76.0
76.0
76.0
77.0
77.0
77.0
77.0
77.0
77.0
77.0
77.0
77.0
77.0
77.0
78.0
78.0
79.0
79.0
79.0
79.0
79.0
79.0
79.0
80.0
80.0
80.0
80.0
80.0
80.0
80.0
81.0
81.0
81.0
81.0
81.0
81.0
81.0
81.0
81.0
81.0
81.0
81.0
82.0
82.0
82.0
82.0
82.0
82.0
82.0
83.0
83.0
83.0
83.0
83.0
83.0
83.0
83.0
84.0
84.0
84.0
84.0
85.0
85.0
85.0
85.0
85.0
85.0
85.0
86.0
86.0
86.0
86.0
86.0
86.0
87.0
87.0
87.0
87.0
87.0
87.0
88.0
88.0
89.0
89.0
89.0
89.0
89.0
90.0
90.0
90.0
90.0
91.0
91.0
91.0
91.0
92.0
93.0
93.0
93.0
93.0
94.0
94.0
94.0
94.0
94.0
94.0
94.0
95.0
95.0
95.0
95.0
95.0
95.0
96.0
96.0
96.0
96.0
96.0
96.0
97.0
97.0
97.0
97.0
97.0
97.0
97.0
98.0
98.0
98.0
99.0
99.0
99.0
99.0
99.0
100.0
101.0
101.0
101.0
101.0
101.0
102.0
102.0
102.0
102.0
102.0
102.0
102.0
102.0
102.0
103.0
103.0
103.0
104.0
104.0
104.0
104.0
104.0
105.0
105.0
105.0
106.0
107.0
107.0
107.0
107.0
108.0
108.0
108.0
108.0
109.0
109.0
109.0
110.0
110.0
111.0
111.0
112.0
112.0
112.0
113.0
113.0
113.0
113.0
113.0
114.0
114.0
115.0
115.0
115.0
116.0
116.0
116.0
117.0
117.0
117.0
117.0
117.0
118.0
118.0
119.0
119.0
119.0
119.0
119.0
120.0
120.0
120.0
121.0
121.0
122.0
122.0
123.0
124.0
126.0
126.0
126.0
127.0
127.0
127.0
128.0
129.0
131.0
131.0
132.0
133.0
133.0
133.0
134.0
135.0
135.0
136.0
138.0
138.0
139.0
140.0
141.0
144.0
145.0
145.0
145.0
145.0
146.0
146.0
146.0
146.0
147.0
147.0
149.0
149.0
150.0
150.0
151.0
152.0
153.0
153.0
154.0
155.0
155.0
156.0
156.0
157.0
158.0
158.0
158.0
160.0
160.0
163.0
164.0
164.0
165.0
165.0
167.0
168.0
169.0
170.0
170.0
170.0
170.0
170.0
175.0
176.0
176.0
177.0
177.0
178.0
178.0
178.0
178.0
179.0
179.0
180.0
180.0
180.0
180.0
181.0
181.0
181.0
182.0
183.0
183.0
184.0
184.0
184.0
185.0
185.0
185.0
185.0
186.0
186.0
187.0
188.0
188.0
188.0
188.0
188.0
188.0
189.0
189.0
189.0
189.0
190.0
190.0
190.0
190.0
191.0
191.0
191.0
191.0
192.0
192.0
192.0
193.0
193.0
193.0
194.0
194.0
195.0
195.0
196.0
196.0
196.0
197.0
198.0
199.0
200.0
201.0
201.0
202.0
202.0
205.0
208.0
208.0
209.0
209.0
209.0
210.0
210.0
211.0
212.0
214.0
219.0
224.0
225.0
229.0
229.0
234.0
234.0
235.0
238.0
238.0
240.0
241.0
242.0
246.0
248.0
249.0
250.0
252.0
256.0
258.0
260.0
260.0
262.0
262.0
264.0
264.0
265.0
267.0
271.0
272.0
273.0
273.0
276.0
280.0
280.0
289.0
289.0
290.0
291.0
291.0
291.0
292.0
294.0
295.0
295.0
296.0
296.0
297.0
297.0
297.0
304.0
304.0
305.0
305.0
306.0
309.0
309.0
314.0
319.0
322.0
324.0
324.0
332.0
335.0
335.0
337.0
340.0
342.0
343.0
344.0
347.0
348.0
352.0
352.0
353.0
353.0
354.0
355.0
356.0
356.0
358.0
358.0
359.0
360.0
361.0
362.0
362.0
363.0
365.0
368.0
368.0
370.0
371.0
371.0
372.0
374.0
375.0
376.0
377.0
379.0
380.0
383.0
384.0
384.0
385.0
386.0
386.0
389.0
392.0
392.0
393.0
401.0
409.0
410.0
410.0
421.0
428.0
430.0
432.0
434.0
436.0
437.0
441.0
445.0
451.0
462.0
464.0
464.0
465.0
465.0
471.0
472.0
474.0
478.0
489.0
496.0
505.0
507.0
515.0
515.0
515.0
522.0
525.0
537.0
544.0
549.0
549.0
551.0
554.0
566.0
571.0
573.0
578.0
583.0
584.0
594.0
597.0
598.0
599.0
603.0
610.0
627.0
651.0
666.0
670.0
671.0
672.0
673.0
692.0
698.0
700.0
703.0
706.0
708.0
708.0
715.0
717.0
729.0
730.0
734.0
736.0
737.0
742.0
743.0
759.0
760.0
775.0
775.0
776.0
782.0
785.0
797.0
810.0
812.0
814.0
818.0
819.0
822.0
832.0
832.0
833.0
834.0
865.0
865.0
870.0
885.0
900.0
901.0
907.0
911.0
914.0
934.0
943.0
987.0
988.0
989.0
990.0
1007.0
1011.0
1039.0
1046.0
1047.0
1055.0
1058.0
1070.0
1072.0
1075.0
1075.0
1076.0
1088.0
1093.0
1099.0
1106.0
1114.0
1122.0
1128.0
1144.0
1148.0
1149.0
1175.0
1178.0
1195.0
1225.0
1281.0
1300.0
1324.0
1348.0
1363.0
1368.0
1369.0
1376.0
1377.0
1387.0
1392.0
1438.0
1447.0
1503.0
1504.0
1527.0
1558.0
1558.0
1583.0
1594.0
1682.0
1718.0
1738.0
1748.0
1752.0
1775.0
1782.0
1825.0
1845.0
1856.0
1878.0
1892.0
1949.0
1989.0
1990.0
2039.0
2082.0
2140.0
2175.0
2279.0
2283.0
2297.0
2628.0
2770.0
2774.0
2781.0
2872.0
2956.0
2990.0
2990.0
3005.0
3364.0
3450.0
3452.0
3457.0
3671.0
4061.0
4290.0
5867.0
