559
953
1017
820
775
782
734
665
639
577
570
747
960
935
800
725
700
726
710
610
506
586
574
975
873
848
745
709
600
661
638
519
623
564
640
967
863
732
645
726
674
1058
1133
1134
1047
975
1087
1130
1077
1093
1095
1072
1137
1039
1052
1157
1145
1131
1132
1130
1081
1130
1090
1136
1120
1127
1126
1131
1131
1130
1103
1125
1143
1100
1117
1120
1145
1133
1146
1144
1107
1108
1133
1107
1105
1133
1147
1136
1144
1133
1127
1105
1069
1113
1114
1139
1152
1137
1143
1130
1145
1081
1098
1141
1115
1117
1136
1160
1131
1117
1134
1130
1090
1121
1133
1143
1134
1144
1131
1134
