64.0
65.0
65.0
66.0
67.0
67.0
67.0
67.0
67.0
68.0
68.0
68.0
69.0
69.0
69.0
70.0
70.0
70.0
70.0
70.0
70.0
70.0
71.0
71.0
71.0
71.0
72.0
72.0
72.0
72.0
72.0
72.0
72.0
72.0
72.0
73.0
73.0
73.0
73.0
74.0
74.0
74.0
75.0
75.0
75.0
75.0
75.0
76.0
76.0
76.0
76.0
76.0
76.0
77.0
77.0
77.0
77.0
77.0
78.0
78.0
78.0
78.0
78.0
78.0
78.0
79.0
79.0
79.0
79.0
80.0
80.0
81.0
81.0
82.0
82.0
82.0
83.0
83.0
83.0
84.0
84.0
85.0
85.0
85.0
86.0
86.0
86.0
87.0
87.0
87.0
88.0
88.0
88.0
89.0
89.0
89.0
89.0
90.0
91.0
92.0
92.0
92.0
93.0
93.0
93.0
93.0
93.0
94.0
94.0
94.0
94.0
95.0
95.0
96.0
97.0
97.0
99.0
99.0
99.0
99.0
100.0
102.0
102.0
103.0
103.0
103.0
105.0
105.0
106.0
106.0
107.0
108.0
108.0
109.0
109.0
111.0
111.0
114.0
114.0
115.0
115.0
117.0
117.0
117.0
118.0
119.0
121.0
123.0
124.0
124.0
124.0
124.0
125.0
125.0
126.0
128.0
129.0
130.0
131.0
133.0
133.0
135.0
136.0
137.0
139.0
139.0
141.0
141.0
141.0
143.0
146.0
147.0
147.0
147.0
149.0
152.0
152.0
152.0
156.0
156.0
157.0
157.0
158.0
162.0
164.0
164.0
164.0
166.0
169.0
169.0
170.0
173.0
177.0
177.0
178.0
180.0
181.0
181.0
181.0
182.0
182.0
182.0
184.0
184.0
187.0
188.0
188.0
188.0
188.0
188.0
188.0
190.0
190.0
190.0
191.0
191.0
191.0
192.0
192.0
193.0
194.0
194.0
194.0
195.0
196.0
196.0
197.0
197.0
197.0
197.0
198.0
199.0
199.0
200.0
201.0
201.0
202.0
204.0
204.0
205.0
205.0
207.0
207.0
209.0
209.0
210.0
210.0
211.0
212.0
212.0
213.0
214.0
216.0
219.0
219.0
220.0
222.0
223.0
224.0
225.0
228.0
232.0
238.0
239.0
239.0
244.0
251.0
251.0
254.0
254.0
254.0
255.0
256.0
257.0
258.0
259.0
260.0
260.0
260.0
261.0
264.0
264.0
265.0
265.0
266.0
268.0
279.0
279.0
281.0
283.0
283.0
284.0
285.0
286.0
287.0
289.0
290.0
291.0
291.0
292.0
292.0
293.0
293.0
297.0
297.0
298.0
300.0
303.0
304.0
307.0
309.0
310.0
311.0
312.0
313.0
315.0
315.0
320.0
322.0
325.0
328.0
332.0
333.0
336.0
340.0
340.0
340.0
341.0
344.0
347.0
348.0
349.0
351.0
354.0
354.0
356.0
358.0
361.0
362.0
365.0
365.0
365.0
366.0
366.0
366.0
367.0
368.0
369.0
372.0
372.0
372.0
379.0
381.0
383.0
383.0
383.0
385.0
386.0
387.0
390.0
391.0
396.0
398.0
399.0
408.0
408.0
410.0
411.0
418.0
421.0
431.0
439.0
440.0
442.0
448.0
456.0
456.0
460.0
466.0
466.0
467.0
467.0
473.0
475.0
477.0
479.0
482.0
482.0
491.0
493.0
493.0
497.0
500.0
501.0
502.0
506.0
510.0
513.0
519.0
520.0
527.0
529.0
533.0
535.0
536.0
543.0
543.0
544.0
549.0
558.0
559.0
560.0
564.0
570.0
577.0
584.0
585.0
586.0
590.0
596.0
599.0
603.0
608.0
616.0
625.0
633.0
635.0
648.0
650.0
679.0
692.0
702.0
703.0
710.0
713.0
713.0
731.0
744.0
748.0
755.0
755.0
765.0
776.0
779.0
787.0
798.0
804.0
804.0
811.0
837.0
852.0
859.0
861.0
867.0
877.0
888.0
888.0
901.0
910.0
923.0
930.0
961.0
970.0
979.0
980.0
990.0
991.0
998.0
1012.0
1015.0
1018.0
1020.0
1033.0
1040.0
1042.0
1058.0
1061.0
1064.0
1065.0
1066.0
1090.0
1094.0
1098.0
1105.0
1106.0
1109.0
1112.0
1141.0
1151.0
1177.0
1190.0
1195.0
1278.0
1282.0
1283.0
1290.0
1290.0
1294.0
1303.0
1309.0
1315.0
1329.0
1332.0
1337.0
1345.0
1375.0
1393.0
1410.0
1414.0
1436.0
1439.0
1491.0
1497.0
1506.0
1514.0
1540.0
1598.0
1600.0
1628.0
1646.0
1647.0
1652.0
1687.0
1690.0
1731.0
1738.0
1747.0
1748.0
1753.0
1769.0
1865.0
1886.0
1907.0
1945.0
1957.0
1979.0
2044.0
2131.0
2139.0
2399.0
2404.0
2405.0
2408.0
2457.0
2516.0
2516.0
2602.0
2687.0
2707.0
2715.0
2727.0
2769.0
2845.0
3085.0
3233.0
3257.0
3423.0
3541.0
3657.0
3771.0
3772.0
3933.0
4361.0
4610.0
