61.0
62.0
62.0
62.0
62.0
62.0
62.0
62.0
62.0
62.0
62.0
62.0
62.0
62.0
62.0
62.0
62.0
62.0
63.0
63.0
63.0
63.0
63.0
63.0
63.0
63.0
63.0
63.0
63.0
63.0
63.0
63.0
63.0
63.0
63.0
63.0
63.0
64.0
64.0
64.0
64.0
64.0
64.0
64.0
64.0
64.0
64.0
64.0
64.0
64.0
64.0
64.0
64.0
64.0
64.0
64.0
64.0
64.0
64.0
64.0
64.0
64.0
64.0
65.0
65.0
65.0
65.0
65.0
65.0
65.0
65.0
65.0
65.0
65.0
65.0
65.0
65.0
65.0
65.0
65.0
65.0
65.0
65.0
65.0
65.0
65.0
65.0
65.0
65.0
65.0
65.0
65.0
65.0
65.0
65.0
65.0
65.0
65.0
65.0
66.0
66.0
66.0
66.0
66.0
66.0
66.0
66.0
66.0
66.0
66.0
66.0
66.0
66.0
66.0
66.0
66.0
66.0
66.0
66.0
66.0
66.0
66.0
66.0
66.0
66.0
66.0
66.0
66.0
66.0
66.0
66.0
66.0
66.0
66.0
66.0
66.0
66.0
66.0
66.0
66.0
66.0
66.0
67.0
67.0
67.0
67.0
67.0
67.0
67.0
67.0
67.0
67.0
67.0
67.0
67.0
67.0
67.0
67.0
67.0
67.0
67.0
67.0
67.0
67.0
67.0
67.0
67.0
67.0
67.0
67.0
67.0
67.0
67.0
68.0
68.0
68.0
68.0
68.0
68.0
68.0
68.0
68.0
68.0
68.0
68.0
68.0
68.0
68.0
68.0
68.0
68.0
68.0
69.0
69.0
69.0
69.0
69.0
69.0
69.0
69.0
69.0
69.0
69.0
69.0
69.0
69.0
69.0
69.0
69.0
69.0
69.0
70.0
70.0
70.0
70.0
70.0
70.0
70.0
70.0
70.0
70.0
70.0
70.0
70.0
70.0
70.0
70.0
70.0
70.0
70.0
70.0
70.0
70.0
71.0
71.0
71.0
71.0
71.0
71.0
71.0
71.0
71.0
71.0
71.0
71.0
71.0
71.0
71.0
71.0
71.0
71.0
71.0
71.0
71.0
71.0
71.0
71.0
71.0
71.0
71.0
71.0
71.0
71.0
72.0
72.0
72.0
72.0
72.0
72.0
72.0
72.0
72.0
72.0
72.0
72.0
72.0
72.0
72.0
72.0
72.0
72.0
72.0
72.0
72.0
72.0
72.0
72.0
72.0
72.0
72.0
72.0
72.0
72.0
72.0
72.0
72.0
73.0
73.0
73.0
73.0
73.0
73.0
73.0
73.0
73.0
73.0
73.0
73.0
73.0
73.0
73.0
73.0
73.0
73.0
73.0
73.0
73.0
73.0
73.0
73.0
74.0
74.0
74.0
74.0
74.0
74.0
74.0
74.0
74.0
74.0
74.0
74.0
74.0
74.0
74.0
74.0
74.0
74.0
74.0
74.0
74.0
74.0
74.0
75.0
75.0
75.0
75.0
75.0
75.0
75.0
75.0
75.0
75.0
75.0
75.0
75.0
75.0
75.0
75.0
75.0
76.0
76.0
76.0
76.0
76.0
76.0
76.0
76.0
76.0
76.0
76.0
76.0
76.0
77.0
77.0
77.0
77.0
77.0
77.0
77.0
77.0
77.0
78.0
78.0
78.0
78.0
78.0
78.0
78.0
78.0
78.0
78.0
78.0
78.0
78.0
78.0
78.0
78.0
78.0
79.0
79.0
79.0
79.0
79.0
79.0
79.0
79.0
79.0
79.0
79.0
79.0
79.0
80.0
80.0
80.0
80.0
80.0
80.0
80.0
80.0
80.0
80.0
81.0
81.0
81.0
81.0
81.0
81.0
81.0
82.0
82.0
82.0
82.0
82.0
82.0
83.0
83.0
83.0
83.0
83.0
84.0
84.0
85.0
85.0
86.0
86.0
86.0
86.0
86.0
86.0
87.0
87.0
88.0
88.0
88.0
89.0
89.0
89.0
91.0
92.0
92.0
93.0
93.0
93.0
95.0
96.0
98.0
102.0
102.0
103.0
103.0
105.0
109.0
111.0
113.0
134.0
145.0
162.0
162.0
163.0
163.0
163.0
163.0
163.0
163.0
164.0
164.0
164.0
165.0
165.0
165.0
166.0
166.0
167.0
167.0
168.0
168.0
169.0
169.0
169.0
169.0
170.0
173.0
176.0
176.0
177.0
180.0
182.0
236.0
255.0
261.0
262.0
263.0
265.0
265.0
267.0
268.0
268.0
268.0
269.0
269.0
269.0
269.0
269.0
269.0
270.0
270.0
271.0
273.0
273.0
275.0
276.0
276.0
276.0
277.0
277.0
279.0
281.0
282.0
283.0
284.0
284.0
284.0
285.0
285.0
285.0
286.0
288.0
290.0
291.0
292.0
296.0
300.0
303.0
337.0
343.0
344.0
344.0
344.0
347.0
347.0
348.0
348.0
348.0
348.0
352.0
353.0
353.0
354.0
355.0
355.0
356.0
356.0
357.0
358.0
359.0
360.0
360.0
360.0
360.0
360.0
362.0
362.0
363.0
364.0
365.0
365.0
366.0
366.0
370.0
370.0
371.0
372.0
372.0
373.0
374.0
375.0
377.0
385.0
388.0
391.0
391.0
393.0
398.0
407.0
412.0
412.0
413.0
421.0
452.0
488.0
577.0
586.0
606.0
616.0
651.0
672.0
694.0
765.0
765.0
766.0
879.0
896.0
949.0
972.0
989.0
996.0
1030.0
1190.0
1277.0
1284.0
1378.0
1638.0
4999.0
6188.0
6945.0
