62.0
62.0
64.0
65.0
65.0
65.0
65.0
65.0
66.0
66.0
66.0
66.0
66.0
66.0
66.0
66.0
66.0
66.0
66.0
66.0
66.0
66.0
66.0
66.0
67.0
67.0
67.0
67.0
67.0
67.0
67.0
67.0
67.0
67.0
67.0
67.0
68.0
68.0
68.0
68.0
69.0
69.0
69.0
70.0
70.0
70.0
71.0
78.0
79.0
80.0
82.0
82.0
82.0
83.0
83.0
84.0
84.0
84.0
84.0
84.0
84.0
84.0
84.0
84.0
85.0
85.0
85.0
85.0
85.0
85.0
85.0
85.0
85.0
85.0
86.0
86.0
86.0
86.0
86.0
86.0
86.0
86.0
87.0
87.0
87.0
87.0
88.0
88.0
90.0
120.0
127.0
139.0
154.0
160.0
164.0
165.0
174.0
186.0
194.0
196.0
197.0
198.0
200.0
201.0
201.0
207.0
208.0
208.0
209.0
209.0
210.0
211.0
211.0
212.0
213.0
213.0
214.0
214.0
215.0
216.0
216.0
216.0
216.0
216.0
219.0
221.0
222.0
222.0
225.0
227.0
228.0
228.0
230.0
232.0
233.0
234.0
238.0
240.0
243.0
253.0
255.0
257.0
258.0
258.0
258.0
260.0
261.0
276.0
276.0
277.0
279.0
279.0
281.0
283.0
288.0
291.0
326.0
331.0
332.0
332.0
338.0
338.0
339.0
345.0
345.0
345.0
346.0
348.0
351.0
354.0
355.0
355.0
356.0
358.0
358.0
359.0
363.0
363.0
365.0
368.0
376.0
379.0
388.0
433.0
437.0
441.0
458.0
467.0
499.0
501.0
503.0
509.0
517.0
528.0
540.0
567.0
599.0
616.0
658.0
662.0
672.0
679.0
683.0
690.0
693.0
696.0
706.0
729.0
735.0
750.0
769.0
770.0
777.0
788.0
806.0
808.0
817.0
824.0
839.0
849.0
852.0
853.0
870.0
876.0
942.0
1146.0
1206.0
