27.0
28.0
28.0
28.0
28.0
28.0
28.0
28.0
28.0
28.0
28.0
28.0
28.0
28.0
28.0
29.0
29.0
29.0
29.0
29.0
29.0
29.0
29.0
29.0
29.0
29.0
29.0
29.0
29.0
29.0
29.0
29.0
29.0
29.0
29.0
29.0
29.0
29.0
29.0
29.0
29.0
30.0
30.0
30.0
30.0
30.0
30.0
30.0
30.0
30.0
30.0
30.0
30.0
30.0
30.0
30.0
30.0
30.0
30.0
30.0
30.0
30.0
30.0
30.0
30.0
30.0
30.0
30.0
30.0
30.0
30.0
30.0
30.0
30.0
30.0
30.0
30.0
30.0
30.0
30.0
30.0
30.0
30.0
30.0
30.0
30.0
30.0
30.0
30.0
30.0
30.0
30.0
30.0
30.0
30.0
30.0
30.0
30.0
30.0
30.0
30.0
30.0
30.0
30.0
30.0
30.0
30.0
30.0
30.0
31.0
31.0
31.0
31.0
31.0
31.0
31.0
31.0
31.0
31.0
31.0
31.0
31.0
31.0
31.0
31.0
31.0
31.0
31.0
31.0
31.0
31.0
31.0
31.0
31.0
31.0
31.0
31.0
31.0
31.0
31.0
31.0
31.0
31.0
31.0
31.0
31.0
31.0
31.0
31.0
31.0
31.0
31.0
31.0
31.0
31.0
31.0
31.0
31.0
31.0
31.0
31.0
31.0
31.0
31.0
32.0
32.0
32.0
32.0
32.0
32.0
32.0
32.0
32.0
32.0
32.0
32.0
32.0
32.0
32.0
32.0
32.0
32.0
32.0
32.0
32.0
32.0
32.0
33.0
33.0
33.0
33.0
42.0
71.0
72.0
72.0
167.0
171.0
171.0
172.0
173.0
173.0
173.0
175.0
175.0
175.0
176.0
176.0
176.0
176.0
177.0
177.0
177.0
177.0
177.0
177.0
178.0
178.0
178.0
178.0
178.0
178.0
178.0
178.0
179.0
179.0
179.0
179.0
179.0
179.0
179.0
179.0
179.0
179.0
180.0
180.0
180.0
180.0
180.0
180.0
180.0
180.0
180.0
180.0
180.0
180.0
181.0
181.0
181.0
181.0
181.0
181.0
181.0
181.0
182.0
182.0
182.0
182.0
182.0
182.0
182.0
183.0
183.0
183.0
183.0
183.0
183.0
183.0
184.0
184.0
184.0
184.0
184.0
184.0
184.0
184.0
185.0
185.0
185.0
185.0
185.0
185.0
185.0
185.0
185.0
186.0
186.0
187.0
187.0
187.0
187.0
187.0
187.0
187.0
187.0
187.0
187.0
188.0
188.0
189.0
189.0
189.0
189.0
189.0
190.0
190.0
190.0
191.0
191.0
191.0
192.0
193.0
194.0
305.0
310.0
314.0
315.0
315.0
316.0
316.0
316.0
321.0
322.0
324.0
335.0
342.0
348.0
349.0
349.0
351.0
353.0
353.0
354.0
357.0
357.0
360.0
361.0
361.0
362.0
364.0
365.0
365.0
366.0
366.0
371.0
371.0
371.0
372.0
372.0
373.0
376.0
377.0
377.0
379.0
379.0
379.0
385.0
385.0
387.0
389.0
390.0
394.0
394.0
396.0
401.0
401.0
404.0
405.0
406.0
406.0
406.0
407.0
409.0
409.0
409.0
409.0
412.0
413.0
413.0
413.0
414.0
415.0
416.0
417.0
419.0
421.0
422.0
423.0
425.0
428.0
486.0
487.0
503.0
520.0
528.0
686.0
709.0
710.0
729.0
730.0
737.0
737.0
737.0
737.0
739.0
740.0
740.0
743.0
745.0
746.0
754.0
