64.0
65.0
66.0
66.0
67.0
67.0
67.0
67.0
67.0
67.0
67.0
67.0
67.0
68.0
68.0
68.0
68.0
68.0
68.0
68.0
68.0
69.0
69.0
69.0
69.0
69.0
69.0
69.0
69.0
69.0
70.0
70.0
70.0
70.0
70.0
70.0
70.0
70.0
70.0
70.0
70.0
71.0
71.0
71.0
71.0
71.0
71.0
72.0
72.0
72.0
72.0
72.0
72.0
72.0
72.0
72.0
73.0
73.0
73.0
73.0
73.0
73.0
73.0
73.0
73.0
74.0
74.0
74.0
74.0
74.0
74.0
74.0
74.0
74.0
74.0
74.0
74.0
74.0
74.0
74.0
74.0
75.0
75.0
75.0
75.0
75.0
75.0
75.0
75.0
76.0
76.0
76.0
76.0
76.0
76.0
76.0
76.0
76.0
77.0
77.0
77.0
77.0
77.0
77.0
77.0
77.0
78.0
78.0
78.0
78.0
78.0
79.0
79.0
79.0
79.0
79.0
79.0
79.0
80.0
80.0
80.0
81.0
81.0
81.0
81.0
82.0
82.0
82.0
83.0
83.0
83.0
83.0
83.0
83.0
83.0
83.0
83.0
83.0
83.0
84.0
84.0
84.0
84.0
84.0
84.0
84.0
84.0
85.0
85.0
85.0
86.0
86.0
86.0
86.0
87.0
87.0
87.0
87.0
87.0
88.0
88.0
88.0
89.0
90.0
91.0
91.0
91.0
91.0
91.0
92.0
92.0
92.0
92.0
93.0
94.0
94.0
94.0
95.0
95.0
95.0
96.0
96.0
96.0
96.0
96.0
96.0
96.0
97.0
97.0
97.0
97.0
98.0
98.0
98.0
99.0
100.0
100.0
100.0
101.0
101.0
101.0
102.0
102.0
102.0
102.0
103.0
103.0
103.0
104.0
104.0
104.0
104.0
104.0
105.0
105.0
105.0
106.0
107.0
107.0
108.0
108.0
108.0
109.0
110.0
110.0
112.0
112.0
112.0
114.0
115.0
115.0
115.0
117.0
117.0
118.0
118.0
119.0
119.0
119.0
119.0
121.0
121.0
121.0
122.0
122.0
122.0
124.0
124.0
125.0
125.0
125.0
125.0
126.0
127.0
129.0
129.0
129.0
130.0
130.0
130.0
130.0
130.0
130.0
131.0
131.0
132.0
132.0
133.0
133.0
133.0
134.0
134.0
135.0
138.0
139.0
139.0
140.0
140.0
141.0
141.0
141.0
143.0
143.0
144.0
146.0
147.0
147.0
148.0
148.0
149.0
150.0
150.0
150.0
151.0
153.0
153.0
154.0
155.0
156.0
156.0
157.0
157.0
157.0
159.0
160.0
160.0
160.0
161.0
162.0
162.0
163.0
163.0
166.0
166.0
166.0
167.0
168.0
168.0
169.0
175.0
175.0
176.0
180.0
181.0
182.0
183.0
183.0
184.0
184.0
184.0
184.0
185.0
185.0
186.0
186.0
187.0
187.0
188.0
189.0
189.0
190.0
191.0
192.0
192.0
193.0
193.0
195.0
195.0
196.0
196.0
196.0
197.0
197.0
197.0
199.0
199.0
200.0
200.0
201.0
201.0
201.0
203.0
204.0
204.0
206.0
206.0
207.0
207.0
208.0
209.0
210.0
212.0
212.0
213.0
214.0
214.0
219.0
220.0
225.0
225.0
226.0
226.0
228.0
228.0
229.0
229.0
230.0
231.0
235.0
236.0
237.0
238.0
241.0
243.0
243.0
243.0
245.0
247.0
247.0
247.0
252.0
253.0
256.0
258.0
259.0
259.0
259.0
259.0
260.0
261.0
261.0
262.0
264.0
266.0
266.0
267.0
269.0
269.0
271.0
273.0
273.0
273.0
273.0
274.0
275.0
275.0
276.0
277.0
278.0
279.0
281.0
282.0
283.0
283.0
283.0
287.0
288.0
288.0
291.0
292.0
292.0
294.0
294.0
295.0
296.0
297.0
302.0
303.0
304.0
305.0
305.0
307.0
308.0
313.0
316.0
316.0
316.0
317.0
318.0
327.0
331.0
334.0
335.0
337.0
338.0
340.0
342.0
343.0
344.0
345.0
346.0
348.0
348.0
348.0
351.0
351.0
351.0
355.0
355.0
358.0
358.0
359.0
359.0
362.0
365.0
367.0
368.0
369.0
369.0
372.0
372.0
373.0
375.0
376.0
377.0
379.0
380.0
383.0
383.0
385.0
386.0
389.0
391.0
391.0
392.0
392.0
392.0
394.0
398.0
398.0
400.0
401.0
404.0
413.0
419.0
420.0
420.0
423.0
423.0
425.0
427.0
433.0
434.0
440.0
443.0
452.0
458.0
458.0
463.0
472.0
473.0
486.0
487.0
487.0
489.0
494.0
499.0
499.0
500.0
503.0
508.0
510.0
512.0
513.0
514.0
516.0
520.0
524.0
531.0
531.0
533.0
534.0
538.0
541.0
543.0
543.0
545.0
548.0
551.0
553.0
556.0
560.0
562.0
568.0
569.0
572.0
578.0
584.0
584.0
589.0
594.0
597.0
597.0
599.0
606.0
609.0
614.0
618.0
620.0
628.0
629.0
642.0
642.0
646.0
665.0
670.0
678.0
703.0
706.0
706.0
709.0
710.0
717.0
720.0
721.0
726.0
744.0
754.0
754.0
772.0
773.0
791.0
792.0
796.0
803.0
805.0
807.0
811.0
812.0
823.0
825.0
834.0
836.0
841.0
846.0
849.0
863.0
873.0
894.0
899.0
899.0
899.0
908.0
915.0
923.0
925.0
934.0
936.0
959.0
984.0
997.0
1005.0
1018.0
1022.0
1023.0
1042.0
1043.0
1048.0
1054.0
1060.0
1062.0
1063.0
1071.0
1076.0
1084.0
1091.0
1091.0
1105.0
1157.0
1202.0
1220.0
1241.0
1247.0
1261.0
1334.0
1354.0
1376.0
1377.0
1378.0
1389.0
1394.0
1402.0
1443.0
1477.0
1485.0
1486.0
1533.0
1546.0
1557.0
1578.0
1600.0
1639.0
1640.0
1660.0
1670.0
1718.0
1726.0
1736.0
1787.0
1793.0
1820.0
1827.0
1842.0
1884.0
1913.0
1917.0
1987.0
1988.0
2024.0
2030.0
2040.0
2047.0
2069.0
2075.0
2107.0
2108.0
2110.0
2138.0
2196.0
2201.0
2208.0
2264.0
2267.0
2322.0
2433.0
2459.0
2562.0
2674.0
2678.0
2694.0
2731.0
2745.0
2746.0
2760.0
2785.0
4714.0
7396.0
8030.0
