1 3.0
2 3.0
3 3.0
4 3.0
5 3.0
6 3.0
7 3.0
8 3.0
9 3.0
10 3.0
11 3.0
12 3.0
13 3.0
14 3.0
15 3.0
16 3.0
17 3.0
18 3.0
19 3.0
20 3.0
21 3.0
22 3.0
23 3.0
24 3.0
25 3.0
26 3.0
27 3.0
28 3.0
29 3.0
30 3.0
31 3.0
32 3.0
33 3.0
34 3.0
35 3.0
36 3.0
37 3.0
38 3.0
39 3.0
40 3.0
41 3.0
42 3.0
43 3.0
44 3.0
45 3.0
46 3.0
47 3.0
48 3.0
49 3.0
50 3.0
51 3.0
52 3.0
53 3.0
54 3.0
55 3.0
56 3.0
57 3.0
58 3.0
59 3.0
60 3.0
61 3.0
62 3.0
63 3.0
64 3.0
65 3.0
66 3.0
67 3.0
68 3.0
69 3.0
70 3.0
71 3.0
72 3.0
73 3.0
74 3.0
75 3.0
76 3.0
77 3.0
78 3.0
79 3.0
80 3.0
81 3.0
82 3.0
83 3.0
84 3.0
85 3.0
86 3.0
87 3.0
88 3.0
89 3.0
90 3.0
91 3.0
92 3.0
93 3.0
94 3.0
95 3.0
96 3.0
97 3.0
98 3.0
99 3.0
100 3.0
101 3.0
102 3.0
103 3.0
104 3.0
105 3.0
106 3.0
107 3.0
108 3.0
109 3.0
110 3.0
111 3.0
112 3.0
113 3.0
114 3.0
115 3.0
116 3.0
117 3.0
118 3.0
119 3.0
120 3.0
121 3.0
122 3.0
123 3.0
124 3.0
125 3.0
126 3.0
127 3.0
128 3.0
129 3.0
130 3.0
131 3.0
132 3.0
133 3.0
134 3.0
135 3.0
136 3.0
137 3.0
138 3.0
139 3.0
140 3.0
141 3.0
142 3.0
143 3.0
144 3.0
145 3.0
146 3.0
147 3.0
148 3.0
149 3.0
150 3.0
151 4.0
152 4.0
153 4.0
154 4.0
155 4.0
156 4.0
157 4.0
158 4.0
159 4.0
160 4.0
161 4.0
162 4.0
163 4.0
164 4.0
165 4.0
166 4.0
167 4.0
168 4.0
169 4.0
170 4.0
171 4.0
172 4.0
173 4.0
174 4.0
175 4.0
176 4.0
177 4.0
178 5.0
179 5.0
180 5.0
181 5.0
182 5.0
183 5.0
184 5.0
185 5.0
186 5.0
187 5.0
188 5.0
189 5.0
190 5.0
191 5.0
192 5.0
193 5.0
194 5.0
195 5.0
196 5.0
197 5.0
198 5.0
199 5.0
200 5.0
201 5.0
202 5.0
203 5.0
204 5.0
205 5.0
206 5.0
207 5.0
208 5.0
209 5.0
210 5.0
211 5.0
212 5.0
213 5.0
214 5.0
215 5.0
216 5.0
217 5.0
218 5.0
219 5.0
220 5.0
221 5.0
222 5.0
223 5.0
224 5.0
225 5.0
226 5.0
227 5.0
228 5.0
229 5.0
230 5.0
231 5.0
232 5.0
233 5.0
234 5.0
235 5.0
236 6.0
237 6.0
238 6.0
239 6.0
240 6.0
241 6.0
242 6.0
243 6.0
244 6.0
245 6.0
246 6.0
247 6.0
248 6.0
249 6.0
250 6.0
251 6.0
252 6.0
253 6.0
254 6.0
255 6.0
256 6.0
257 6.0
258 6.0
259 6.0
260 6.0
261 6.0
262 6.0
263 6.0
264 6.0
265 6.0
266 6.0
267 6.0
268 6.0
269 6.0
270 6.0
271 6.0
272 6.0
273 6.0
274 6.0
275 6.0
276 6.0
277 6.0
278 6.0
279 6.0
280 6.0
281 6.0
282 6.0
283 6.0
284 6.0
285 6.0
286 6.0
287 6.0
288 6.0
289 6.0
290 6.0
291 6.0
292 6.0
293 6.0
294 6.0
295 6.0
296 6.0
297 6.0
298 6.0
299 6.0
300 6.0
301 6.0
302 6.0
303 6.0
304 6.0
305 6.0
306 6.0
307 6.0
308 6.0
309 6.0
310 6.0
311 6.0
312 6.0
313 6.0
314 6.0
315 6.0
316 6.0
317 6.0
318 6.0
319 6.0
320 6.0
321 6.0
322 6.0
323 6.0
324 6.0
325 6.0
326 6.0
327 6.0
328 6.0
329 6.0
330 6.0
331 6.0
332 6.0
333 6.0
334 6.0
335 6.0
336 6.0
337 6.0
338 6.0
339 6.0
340 6.0
341 6.0
342 6.0
343 6.0
344 6.0
345 6.0
346 6.0
347 6.0
348 6.0
349 7.0
350 7.0
351 7.0
352 7.0
353 7.0
354 7.0
355 7.0
356 7.0
357 7.0
358 7.0
359 7.0
360 7.0
361 7.0
362 8.0
363 8.0
364 8.0
365 8.0
366 9.0
367 9.0
368 10.0
369 10.0
370 10.0
371 10.0
372 10.0
373 10.0
374 10.0
375 10.0
376 10.0
377 10.0
378 11.0
379 11.0
380 11.0
381 11.0
382 11.0
383 11.0
384 11.0
385 11.0
386 11.0
387 11.0
388 11.0
389 11.0
390 11.0
391 11.0
392 11.0
393 11.0
394 11.0
395 11.0
396 11.0
397 11.0
398 11.0
399 11.0
400 11.0
401 11.0
402 11.0
403 11.0
404 11.0
405 11.0
406 11.0
407 11.0
408 11.0
409 11.0
410 11.0
411 11.0
412 11.0
413 11.0
414 11.0
415 11.0
416 11.0
417 11.0
418 11.0
419 11.0
420 11.0
421 11.0
422 11.0
423 11.0
424 11.0
425 11.0
426 11.0
427 11.0
428 11.0
429 11.0
430 11.0
431 11.0
432 11.0
433 11.0
434 11.0
435 11.0
436 11.0
437 11.0
438 11.0
439 11.0
440 11.0
441 11.0
442 11.0
443 11.0
444 11.0
445 11.0
446 11.0
447 11.0
448 12.0
449 12.0
450 12.0
451 12.0
452 12.0
453 12.0
454 12.0
455 12.0
456 12.0
457 12.0
458 12.0
459 12.0
460 12.0
461 12.0
462 12.0
463 12.0
464 12.0
465 13.0
466 13.0
467 14.0
468 14.0
469 15.0
470 15.0
471 15.0
472 16.0
473 16.0
474 17.0
475 17.0
476 18.0
477 19.0
478 20.0
479 20.0
480 21.0
481 21.0
482 21.0
483 21.0
484 21.0
485 21.0
486 22.0
487 22.0
488 22.0
489 22.0
490 22.0
491 22.0
492 22.0
493 22.0
494 22.0
495 22.0
496 22.0
497 22.0
498 22.0
499 22.0
500 22.0
501 22.0
502 22.0
503 22.0
504 22.0
505 22.0
506 22.0
507 22.0
508 22.0
509 22.0
510 23.0
511 23.0
512 23.0
513 23.0
514 23.0
515 23.0
516 23.0
517 23.0
518 23.0
519 23.0
520 23.0
521 23.0
522 23.0
523 23.0
524 23.0
525 23.0
526 23.0
527 23.0
528 23.0
529 23.0
530 23.0
531 23.0
532 23.0
533 23.0
534 23.0
535 23.0
536 23.0
537 23.0
538 23.0
539 23.0
540 23.0
541 23.0
542 23.0
543 23.0
544 23.0
545 23.0
546 23.0
547 23.0
548 23.0
549 23.0
550 23.0
551 23.0
552 23.0
553 23.0
554 23.0
555 23.0
556 23.0
557 23.0
558 23.0
559 23.0
560 23.0
561 23.0
562 24.0
563 24.0
564 24.0
565 24.0
566 24.0
567 24.0
568 24.0
569 24.0
570 24.0
571 24.0
572 24.0
573 24.0
574 24.0
575 24.0
576 24.0
577 24.0
578 24.0
579 24.0
580 24.0
581 24.0
582 24.0
583 24.0
584 24.0
585 24.0
586 24.0
587 24.0
588 24.0
589 24.0
590 24.0
591 24.0
592 24.0
593 24.0
594 24.0
595 24.0
596 24.0
597 24.0
598 24.0
599 24.0
600 24.0
601 24.0
602 24.0
603 24.0
604 24.0
605 24.0
606 24.0
607 24.0
608 24.0
609 24.0
610 24.0
611 24.0
612 24.0
613 24.0
614 24.0
615 24.0
616 24.0
617 24.0
618 24.0
619 24.0
620 25.0
621 25.0
622 25.0
623 25.0
624 25.0
625 25.0
626 25.0
627 25.0
628 25.0
629 25.0
630 25.0
631 25.0
632 25.0
633 25.0
634 25.0
635 25.0
636 25.0
637 25.0
638 25.0
639 25.0
640 25.0
641 25.0
642 25.0
643 25.0
644 25.0
645 25.0
646 25.0
647 25.0
648 25.0
649 25.0
650 25.0
651 25.0
652 25.0
653 25.0
654 26.0
655 26.0
656 26.0
657 26.0
658 26.0
659 26.0
660 26.0
661 26.0
662 26.0
663 26.0
664 26.0
665 27.0
666 27.0
667 27.0
668 28.0
669 28.0
670 29.0
671 30.0
672 30.0
673 31.0
674 32.0
675 33.0
676 35.0
677 37.0
678 39.0
679 41.0
680 42.0
681 43.0
682 44.0
683 46.0
684 47.0
685 49.0
686 50.0
687 51.0
688 51.0
689 52.0
690 52.0
691 52.0
692 52.0
693 53.0
694 53.0
695 53.0
696 53.0
697 53.0
698 54.0
699 54.0
700 54.0
701 54.0
702 54.0
703 54.0
704 54.0
705 54.0
706 54.0
707 55.0
708 55.0
709 55.0
710 55.0
711 55.0
712 55.0
713 55.0
714 55.0
715 55.0
716 55.0
717 55.0
718 56.0
719 56.0
720 56.0
721 56.0
722 56.0
723 56.0
724 56.0
725 56.0
726 56.0
727 56.0
728 56.0
729 56.0
730 56.0
731 56.0
732 56.0
733 57.0
734 57.0
735 57.0
736 57.0
737 57.0
738 57.0
739 57.0
740 57.0
741 57.0
742 57.0
743 57.0
744 57.0
745 57.0
746 57.0
747 58.0
748 58.0
749 58.0
750 58.0
751 58.0
752 58.0
753 58.0
754 58.0
755 58.0
756 58.0
757 58.0
758 58.0
759 58.0
760 58.0
761 59.0
762 59.0
763 59.0
764 59.0
765 59.0
766 59.0
767 59.0
768 59.0
769 59.0
770 59.0
771 59.0
772 59.0
773 60.0
774 60.0
775 60.0
776 60.0
777 60.0
778 60.0
779 60.0
780 60.0
781 60.0
782 61.0
783 61.0
784 61.0
785 61.0
786 61.0
787 61.0
788 61.0
789 62.0
790 62.0
791 62.0
792 62.0
793 63.0
794 63.0
795 63.0
796 63.0
797 64.0
798 64.0
799 65.0
800 65.0
801 66.0
802 66.0
803 67.0
804 68.0
805 69.0
806 70.0
807 71.0
808 72.0
809 74.0
810 75.0
811 76.0
812 77.0
813 78.0
814 79.0
815 79.0
816 80.0
817 81.0
818 82.0
819 82.0
820 83.0
821 84.0
822 85.0
823 86.0
824 87.0
825 89.0
826 90.0
827 91.0
828 93.0
829 95.0
830 97.0
831 98.0
832 99.0
833 100.0
834 101.0
835 101.0
836 102.0
837 102.0
838 103.0
839 103.0
840 104.0
841 104.0
842 105.0
843 105.0
844 106.0
845 106.0
846 106.0
847 107.0
848 107.0
849 107.0
850 108.0
851 108.0
852 108.0
853 108.0
854 109.0
855 109.0
856 109.0
857 109.0
858 110.0
859 110.0
860 110.0
861 110.0
862 111.0
863 111.0
864 111.0
865 111.0
866 112.0
867 112.0
868 112.0
869 113.0
870 113.0
871 113.0
872 114.0
873 114.0
874 114.0
875 114.0
876 115.0
877 115.0
878 115.0
879 116.0
880 116.0
881 116.0
882 117.0
883 117.0
884 117.0
885 118.0
886 119.0
887 119.0
888 119.0
889 120.0
890 121.0
891 121.0
892 122.0
893 122.0
894 123.0
895 123.0
896 124.0
897 124.0
898 125.0
899 126.0
900 126.0
901 127.0
902 128.0
903 129.0
904 130.0
905 131.0
906 132.0
907 133.0
908 135.0
909 137.0
910 139.0
911 142.0
912 144.0
913 146.0
914 148.0
915 150.0
916 153.0
917 157.0
918 163.0
919 167.0
920 175.0
921 187.0
922 198.0
923 205.0
924 212.0
925 218.0
926 223.0
927 228.0
928 233.0
929 241.0
930 248.0
931 257.0
932 264.0
933 274.0
934 280.0
935 287.0
936 294.0
937 300.0
938 306.0
939 313.0
940 319.0
941 323.0
942 329.0
943 333.0
944 338.0
945 342.0
946 348.0
947 353.0
948 363.0
949 376.0
950 397.0
951 428.0
952 469.0
953 511.0
954 534.0
955 556.0
956 568.0
957 583.0
958 618.0
959 650.0
960 673.0
961 710.0
962 740.0
963 753.0
964 763.0
965 795.0
966 824.0
967 850.0
968 873.0
969 918.0
970 957.0
971 976.0
972 1009.0
973 1041.0
974 1088.0
975 1129.0
976 1155.0
977 1193.0
978 1208.0
979 1238.0
980 1269.0
981 1279.0
982 1335.0
983 1436.0
984 1502.0
985 1522.0
986 1592.0
987 1613.0
988 1685.0
989 1726.0
990 1771.0
991 1832.0
992 1924.0
993 1971.0
994 2062.0
995 2131.0
996 2213.0
997 2287.0
998 2371.0
999 2433.0
1000 2508.0
