1 15.0
2 15.0
3 15.0
4 15.0
5 15.0
6 15.0
7 15.0
8 15.0
9 15.0
10 16.0
11 16.0
12 16.0
13 16.0
14 16.0
15 16.0
16 16.0
17 16.0
18 16.0
19 16.0
20 16.0
21 16.0
22 16.0
23 16.0
24 16.0
25 16.0
26 16.0
27 16.0
28 16.0
29 16.0
30 16.0
31 16.0
32 16.0
33 16.0
34 16.0
35 16.0
36 16.0
37 16.0
38 16.0
39 16.0
40 16.0
41 16.0
42 16.0
43 16.0
44 16.0
45 16.0
46 16.0
47 16.0
48 16.0
49 16.0
50 16.0
51 16.0
52 16.0
53 16.0
54 16.0
55 16.0
56 16.0
57 16.0
58 16.0
59 16.0
60 16.0
61 16.0
62 16.0
63 16.0
64 16.0
65 16.0
66 16.0
67 16.0
68 16.0
69 16.0
70 16.0
71 16.0
72 16.0
73 16.0
74 16.0
75 16.0
76 16.0
77 16.0
78 16.0
79 16.0
80 16.0
81 16.0
82 16.0
83 16.0
84 16.0
85 16.0
86 16.0
87 16.0
88 16.0
89 16.0
90 16.0
91 16.0
92 16.0
93 16.0
94 16.0
95 16.0
96 16.0
97 16.0
98 16.0
99 16.0
100 16.0
101 16.0
102 16.0
103 16.0
104 17.0
105 17.0
106 17.0
107 17.0
108 17.0
109 17.0
110 17.0
111 17.0
112 17.0
113 17.0
114 17.0
115 17.0
116 17.0
117 17.0
118 17.0
119 17.0
120 17.0
121 17.0
122 17.0
123 17.0
124 17.0
125 17.0
126 17.0
127 17.0
128 17.0
129 17.0
130 17.0
131 17.0
132 17.0
133 17.0
134 17.0
135 17.0
136 17.0
137 17.0
138 17.0
139 17.0
140 17.0
141 17.0
142 17.0
143 17.0
144 17.0
145 17.0
146 17.0
147 17.0
148 17.0
149 17.0
150 17.0
151 17.0
152 17.0
153 17.0
154 17.0
155 17.0
156 17.0
157 17.0
158 17.0
159 17.0
160 17.0
161 17.0
162 17.0
163 17.0
164 17.0
165 17.0
166 17.0
167 17.0
168 17.0
169 17.0
170 17.0
171 17.0
172 17.0
173 17.0
174 17.0
175 17.0
176 17.0
177 17.0
178 17.0
179 17.0
180 17.0
181 17.0
182 17.0
183 17.0
184 17.0
185 17.0
186 17.0
187 17.0
188 17.0
189 17.0
190 17.0
191 17.0
192 17.0
193 17.0
194 17.0
195 17.0
196 17.0
197 17.0
198 17.0
199 17.0
200 17.0
201 17.0
202 17.0
203 17.0
204 17.0
205 17.0
206 17.0
207 17.0
208 17.0
209 17.0
210 17.0
211 17.0
212 17.0
213 17.0
214 17.0
215 17.0
216 17.0
217 17.0
218 17.0
219 17.0
220 17.0
221 18.0
222 18.0
223 18.0
224 18.0
225 18.0
226 18.0
227 18.0
228 18.0
229 18.0
230 18.0
231 18.0
232 18.0
233 18.0
234 18.0
235 18.0
236 18.0
237 18.0
238 18.0
239 18.0
240 18.0
241 18.0
242 18.0
243 19.0
244 21.0
245 22.0
246 22.0
247 22.0
248 22.0
249 22.0
250 22.0
251 22.0
252 22.0
253 22.0
254 22.0
255 23.0
256 23.0
257 23.0
258 23.0
259 23.0
260 23.0
261 23.0
262 23.0
263 23.0
264 23.0
265 23.0
266 23.0
267 23.0
268 23.0
269 23.0
270 23.0
271 23.0
272 23.0
273 23.0
274 23.0
275 23.0
276 23.0
277 23.0
278 23.0
279 23.0
280 23.0
281 23.0
282 23.0
283 23.0
284 23.0
285 23.0
286 23.0
287 23.0
288 23.0
289 23.0
290 24.0
291 24.0
292 24.0
293 24.0
294 24.0
295 24.0
296 24.0
297 24.0
298 24.0
299 24.0
300 24.0
301 24.0
302 24.0
303 24.0
304 24.0
305 24.0
306 24.0
307 24.0
308 24.0
309 24.0
310 24.0
311 24.0
312 24.0
313 24.0
314 24.0
315 24.0
316 24.0
317 24.0
318 24.0
319 24.0
320 24.0
321 24.0
322 24.0
323 24.0
324 24.0
325 24.0
326 24.0
327 24.0
328 24.0
329 25.0
330 25.0
331 25.0
332 25.0
333 25.0
334 25.0
335 25.0
336 25.0
337 25.0
338 25.0
339 25.0
340 25.0
341 25.0
342 25.0
343 25.0
344 25.0
345 25.0
346 26.0
347 26.0
348 26.0
349 26.0
350 26.0
351 26.0
352 26.0
353 26.0
354 26.0
355 27.0
356 27.0
357 27.0
358 27.0
359 27.0
360 27.0
361 28.0
362 31.0
363 31.0
364 32.0
365 32.0
366 32.0
367 32.0
368 32.0
369 32.0
370 32.0
371 32.0
372 32.0
373 33.0
374 33.0
375 33.0
376 33.0
377 33.0
378 33.0
379 33.0
380 33.0
381 33.0
382 33.0
383 33.0
384 33.0
385 33.0
386 33.0
387 33.0
388 33.0
389 33.0
390 33.0
391 33.0
392 33.0
393 33.0
394 33.0
395 34.0
396 34.0
397 34.0
398 34.0
399 34.0
400 34.0
401 34.0
402 34.0
403 34.0
404 34.0
405 34.0
406 34.0
407 34.0
408 34.0
409 34.0
410 34.0
411 34.0
412 34.0
413 34.0
414 34.0
415 34.0
416 34.0
417 34.0
418 34.0
419 34.0
420 34.0
421 34.0
422 34.0
423 34.0
424 34.0
425 34.0
426 34.0
427 34.0
428 34.0
429 34.0
430 34.0
431 34.0
432 34.0
433 34.0
434 34.0
435 34.0
436 35.0
437 35.0
438 35.0
439 35.0
440 35.0
441 35.0
442 35.0
443 35.0
444 35.0
445 35.0
446 35.0
447 35.0
448 35.0
449 35.0
450 35.0
451 35.0
452 35.0
453 35.0
454 35.0
455 35.0
456 35.0
457 35.0
458 35.0
459 35.0
460 35.0
461 35.0
462 35.0
463 35.0
464 35.0
465 35.0
466 35.0
467 35.0
468 35.0
469 35.0
470 35.0
471 35.0
472 35.0
473 35.0
474 35.0
475 35.0
476 35.0
477 35.0
478 35.0
479 36.0
480 36.0
481 36.0
482 36.0
483 36.0
484 36.0
485 36.0
486 36.0
487 36.0
488 36.0
489 36.0
490 36.0
491 36.0
492 36.0
493 36.0
494 36.0
495 36.0
496 36.0
497 36.0
498 36.0
499 36.0
500 36.0
501 36.0
502 36.0
503 36.0
504 36.0
505 36.0
506 36.0
507 36.0
508 36.0
509 36.0
510 36.0
511 37.0
512 37.0
513 37.0
514 37.0
515 37.0
516 37.0
517 37.0
518 37.0
519 37.0
520 37.0
521 37.0
522 37.0
523 37.0
524 37.0
525 37.0
526 37.0
527 37.0
528 38.0
529 38.0
530 38.0
531 38.0
532 38.0
533 38.0
534 38.0
535 38.0
536 38.0
537 38.0
538 38.0
539 38.0
540 38.0
541 38.0
542 38.0
543 38.0
544 39.0
545 39.0
546 39.0
547 39.0
548 39.0
549 39.0
550 39.0
551 39.0
552 39.0
553 39.0
554 39.0
555 39.0
556 39.0
557 39.0
558 39.0
559 39.0
560 39.0
561 39.0
562 39.0
563 39.0
564 39.0
565 39.0
566 39.0
567 39.0
568 39.0
569 39.0
570 39.0
571 39.0
572 39.0
573 39.0
574 39.0
575 40.0
576 40.0
577 40.0
578 40.0
579 40.0
580 40.0
581 40.0
582 40.0
583 40.0
584 40.0
585 40.0
586 40.0
587 40.0
588 40.0
589 40.0
590 40.0
591 40.0
592 40.0
593 40.0
594 40.0
595 40.0
596 40.0
597 40.0
598 40.0
599 40.0
600 40.0
601 40.0
602 40.0
603 40.0
604 40.0
605 40.0
606 40.0
607 40.0
608 40.0
609 40.0
610 40.0
611 40.0
612 40.0
613 40.0
614 40.0
615 40.0
616 40.0
617 40.0
618 40.0
619 40.0
620 41.0
621 41.0
622 41.0
623 41.0
624 41.0
625 41.0
626 41.0
627 41.0
628 41.0
629 41.0
630 41.0
631 41.0
632 41.0
633 41.0
634 41.0
635 41.0
636 41.0
637 41.0
638 41.0
639 41.0
640 41.0
641 41.0
642 41.0
643 41.0
644 41.0
645 41.0
646 41.0
647 41.0
648 41.0
649 41.0
650 41.0
651 41.0
652 41.0
653 41.0
654 41.0
655 41.0
656 41.0
657 41.0
658 41.0
659 41.0
660 41.0
661 42.0
662 42.0
663 42.0
664 42.0
665 42.0
666 42.0
667 42.0
668 42.0
669 42.0
670 42.0
671 42.0
672 42.0
673 42.0
674 42.0
675 42.0
676 42.0
677 42.0
678 42.0
679 42.0
680 42.0
681 42.0
682 42.0
683 42.0
684 42.0
685 42.0
686 42.0
687 42.0
688 42.0
689 42.0
690 42.0
691 42.0
692 43.0
693 43.0
694 43.0
695 43.0
696 43.0
697 43.0
698 43.0
699 43.0
700 43.0
701 43.0
702 43.0
703 43.0
704 43.0
705 43.0
706 43.0
707 43.0
708 43.0
709 43.0
710 43.0
711 43.0
712 43.0
713 43.0
714 43.0
715 44.0
716 44.0
717 44.0
718 44.0
719 44.0
720 44.0
721 44.0
722 44.0
723 44.0
724 44.0
725 44.0
726 44.0
727 44.0
728 44.0
729 44.0
730 44.0
731 44.0
732 45.0
733 45.0
734 45.0
735 45.0
736 45.0
737 45.0
738 45.0
739 45.0
740 45.0
741 46.0
742 46.0
743 46.0
744 46.0
745 46.0
746 47.0
747 47.0
748 47.0
749 47.0
750 48.0
751 48.0
752 48.0
753 48.0
754 48.0
755 48.0
756 49.0
757 49.0
758 49.0
759 49.0
760 49.0
761 50.0
762 50.0
763 50.0
764 50.0
765 51.0
766 51.0
767 53.0
768 59.0
769 60.0
770 61.0
771 61.0
772 62.0
773 63.0
774 64.0
775 65.0
776 85.0
777 87.0
778 88.0
779 89.0
780 89.0
781 90.0
782 90.0
783 91.0
784 91.0
785 91.0
786 92.0
787 92.0
788 92.0
789 93.0
790 93.0
791 93.0
792 94.0
793 94.0
794 94.0
795 95.0
796 95.0
797 95.0
798 96.0
799 96.0
800 97.0
801 97.0
802 98.0
803 98.0
804 99.0
805 99.0
806 100.0
807 100.0
808 101.0
809 101.0
810 101.0
811 102.0
812 102.0
813 103.0
814 103.0
815 104.0
816 104.0
817 104.0
818 105.0
819 105.0
820 106.0
821 106.0
822 107.0
823 108.0
824 109.0
825 110.0
826 139.0
827 148.0
828 155.0
829 158.0
830 159.0
831 161.0
832 161.0
833 162.0
834 163.0
835 163.0
836 164.0
837 164.0
838 165.0
839 165.0
840 166.0
841 166.0
842 166.0
843 167.0
844 167.0
845 167.0
846 168.0
847 168.0
848 168.0
849 169.0
850 169.0
851 169.0
852 170.0
853 170.0
854 170.0
855 171.0
856 171.0
857 171.0
858 171.0
859 172.0
860 172.0
861 172.0
862 173.0
863 173.0
864 173.0
865 174.0
866 174.0
867 174.0
868 174.0
869 175.0
870 175.0
871 175.0
872 176.0
873 176.0
874 177.0
875 177.0
876 177.0
877 178.0
878 178.0
879 178.0
880 179.0
881 179.0
882 180.0
883 180.0
884 181.0
885 181.0
886 182.0
887 182.0
888 183.0
889 183.0
890 184.0
891 184.0
892 185.0
893 186.0
894 186.0
895 187.0
896 187.0
897 188.0
898 189.0
899 190.0
900 190.0
901 191.0
902 192.0
903 193.0
904 193.0
905 194.0
906 195.0
907 196.0
908 197.0
909 198.0
910 200.0
911 201.0
912 202.0
913 204.0
914 206.0
915 208.0
916 210.0
917 213.0
918 215.0
919 218.0
920 219.0
921 220.0
922 222.0
923 223.0
924 223.0
925 224.0
926 225.0
927 226.0
928 227.0
929 228.0
930 228.0
931 229.0
932 230.0
933 231.0
934 232.0
935 233.0
936 234.0
937 235.0
938 236.0
939 238.0
940 241.0
941 244.0
942 251.0
943 266.0
944 272.0
945 275.0
946 278.0
947 280.0
948 282.0
949 284.0
950 285.0
951 287.0
952 288.0
953 289.0
954 291.0
955 292.0
956 293.0
957 295.0
958 296.0
959 298.0
960 299.0
961 300.0
962 302.0
963 303.0
964 305.0
965 306.0
966 308.0
967 309.0
968 310.0
969 312.0
970 313.0
971 315.0
972 318.0
973 320.0
974 325.0
975 335.0
976 348.0
977 357.0
978 366.0
979 371.0
980 375.0
981 378.0
982 381.0
983 384.0
984 386.0
985 388.0
986 389.0
987 391.0
988 392.0
989 394.0
990 395.0
991 397.0
992 398.0
993 400.0
994 402.0
995 404.0
996 406.0
997 408.0
998 410.0
999 414.0
1000 420.0
