1 27.0
2 28.0
3 28.0
4 28.0
5 28.0
6 28.0
7 28.0
8 28.0
9 28.0
10 28.0
11 28.0
12 28.0
13 28.0
14 28.0
15 28.0
16 29.0
17 29.0
18 29.0
19 29.0
20 29.0
21 29.0
22 29.0
23 29.0
24 29.0
25 29.0
26 29.0
27 29.0
28 29.0
29 29.0
30 29.0
31 29.0
32 29.0
33 29.0
34 29.0
35 29.0
36 29.0
37 29.0
38 29.0
39 29.0
40 29.0
41 29.0
42 29.0
43 29.0
44 29.0
45 29.0
46 29.0
47 29.0
48 29.0
49 29.0
50 29.0
51 29.0
52 29.0
53 29.0
54 29.0
55 29.0
56 29.0
57 29.0
58 29.0
59 29.0
60 29.0
61 29.0
62 29.0
63 29.0
64 29.0
65 29.0
66 29.0
67 30.0
68 30.0
69 30.0
70 30.0
71 30.0
72 30.0
73 30.0
74 30.0
75 30.0
76 30.0
77 30.0
78 30.0
79 30.0
80 30.0
81 30.0
82 30.0
83 30.0
84 30.0
85 30.0
86 30.0
87 30.0
88 30.0
89 30.0
90 30.0
91 30.0
92 30.0
93 30.0
94 30.0
95 30.0
96 30.0
97 30.0
98 30.0
99 30.0
100 30.0
101 30.0
102 30.0
103 30.0
104 30.0
105 30.0
106 30.0
107 30.0
108 30.0
109 30.0
110 30.0
111 30.0
112 30.0
113 30.0
114 30.0
115 30.0
116 30.0
117 30.0
118 30.0
119 30.0
120 30.0
121 30.0
122 30.0
123 30.0
124 30.0
125 30.0
126 30.0
127 30.0
128 30.0
129 30.0
130 30.0
131 30.0
132 30.0
133 30.0
134 30.0
135 30.0
136 30.0
137 30.0
138 30.0
139 30.0
140 30.0
141 30.0
142 30.0
143 30.0
144 30.0
145 30.0
146 30.0
147 30.0
148 30.0
149 31.0
150 31.0
151 31.0
152 31.0
153 31.0
154 31.0
155 31.0
156 31.0
157 31.0
158 31.0
159 31.0
160 31.0
161 31.0
162 31.0
163 31.0
164 31.0
165 31.0
166 31.0
167 31.0
168 31.0
169 31.0
170 31.0
171 31.0
172 31.0
173 31.0
174 31.0
175 31.0
176 31.0
177 31.0
178 31.0
179 31.0
180 31.0
181 31.0
182 31.0
183 31.0
184 31.0
185 31.0
186 31.0
187 31.0
188 31.0
189 31.0
190 31.0
191 31.0
192 31.0
193 31.0
194 31.0
195 31.0
196 31.0
197 31.0
198 31.0
199 31.0
200 31.0
201 31.0
202 31.0
203 31.0
204 31.0
205 31.0
206 31.0
207 32.0
208 32.0
209 32.0
210 32.0
211 32.0
212 32.0
213 32.0
214 32.0
215 32.0
216 32.0
217 32.0
218 32.0
219 32.0
220 32.0
221 33.0
222 33.0
223 37.0
224 40.0
225 40.0
226 40.0
227 40.0
228 41.0
229 41.0
230 41.0
231 41.0
232 41.0
233 41.0
234 41.0
235 41.0
236 41.0
237 41.0
238 41.0
239 41.0
240 41.0
241 41.0
242 41.0
243 41.0
244 42.0
245 42.0
246 42.0
247 42.0
248 42.0
249 42.0
250 42.0
251 42.0
252 42.0
253 42.0
254 42.0
255 42.0
256 42.0
257 42.0
258 42.0
259 42.0
260 42.0
261 42.0
262 42.0
263 42.0
264 42.0
265 42.0
266 42.0
267 42.0
268 42.0
269 42.0
270 42.0
271 42.0
272 42.0
273 42.0
274 42.0
275 42.0
276 42.0
277 42.0
278 42.0
279 42.0
280 43.0
281 43.0
282 43.0
283 43.0
284 43.0
285 43.0
286 43.0
287 43.0
288 43.0
289 43.0
290 43.0
291 43.0
292 43.0
293 43.0
294 43.0
295 43.0
296 43.0
297 43.0
298 43.0
299 43.0
300 43.0
301 43.0
302 43.0
303 43.0
304 43.0
305 43.0
306 43.0
307 43.0
308 43.0
309 43.0
310 43.0
311 43.0
312 43.0
313 43.0
314 43.0
315 43.0
316 43.0
317 43.0
318 43.0
319 43.0
320 43.0
321 43.0
322 43.0
323 43.0
324 43.0
325 43.0
326 43.0
327 43.0
328 43.0
329 43.0
330 43.0
331 43.0
332 43.0
333 44.0
334 44.0
335 44.0
336 44.0
337 44.0
338 44.0
339 44.0
340 44.0
341 44.0
342 44.0
343 44.0
344 44.0
345 44.0
346 44.0
347 44.0
348 44.0
349 44.0
350 44.0
351 44.0
352 44.0
353 44.0
354 44.0
355 44.0
356 44.0
357 44.0
358 44.0
359 44.0
360 44.0
361 44.0
362 44.0
363 44.0
364 44.0
365 44.0
366 44.0
367 44.0
368 44.0
369 44.0
370 44.0
371 44.0
372 44.0
373 44.0
374 44.0
375 44.0
376 44.0
377 44.0
378 44.0
379 44.0
380 44.0
381 44.0
382 44.0
383 45.0
384 45.0
385 45.0
386 45.0
387 45.0
388 45.0
389 45.0
390 45.0
391 45.0
392 45.0
393 45.0
394 45.0
395 45.0
396 45.0
397 45.0
398 45.0
399 45.0
400 45.0
401 45.0
402 45.0
403 45.0
404 45.0
405 45.0
406 45.0
407 45.0
408 45.0
409 45.0
410 45.0
411 45.0
412 45.0
413 45.0
414 45.0
415 45.0
416 45.0
417 45.0
418 46.0
419 46.0
420 46.0
421 46.0
422 46.0
423 46.0
424 46.0
425 46.0
426 46.0
427 46.0
428 46.0
429 46.0
430 46.0
431 46.0
432 46.0
433 46.0
434 46.0
435 46.0
436 46.0
437 46.0
438 46.0
439 46.0
440 46.0
441 46.0
442 46.0
443 46.0
444 46.0
445 46.0
446 46.0
447 46.0
448 46.0
449 46.0
450 46.0
451 47.0
452 47.0
453 47.0
454 47.0
455 47.0
456 47.0
457 47.0
458 47.0
459 47.0
460 47.0
461 47.0
462 47.0
463 47.0
464 47.0
465 47.0
466 47.0
467 47.0
468 47.0
469 47.0
470 47.0
471 47.0
472 47.0
473 47.0
474 47.0
475 47.0
476 47.0
477 47.0
478 47.0
479 47.0
480 47.0
481 47.0
482 47.0
483 47.0
484 47.0
485 47.0
486 47.0
487 47.0
488 47.0
489 47.0
490 47.0
491 47.0
492 47.0
493 47.0
494 47.0
495 47.0
496 47.0
497 47.0
498 47.0
499 48.0
500 48.0
501 48.0
502 48.0
503 48.0
504 48.0
505 48.0
506 48.0
507 48.0
508 48.0
509 48.0
510 48.0
511 48.0
512 48.0
513 48.0
514 48.0
515 48.0
516 48.0
517 48.0
518 48.0
519 48.0
520 48.0
521 48.0
522 48.0
523 48.0
524 48.0
525 48.0
526 48.0
527 48.0
528 48.0
529 48.0
530 48.0
531 48.0
532 48.0
533 48.0
534 48.0
535 48.0
536 48.0
537 48.0
538 48.0
539 48.0
540 48.0
541 48.0
542 48.0
543 48.0
544 48.0
545 48.0
546 48.0
547 48.0
548 48.0
549 48.0
550 48.0
551 48.0
552 48.0
553 48.0
554 48.0
555 48.0
556 48.0
557 48.0
558 48.0
559 48.0
560 48.0
561 48.0
562 49.0
563 49.0
564 49.0
565 49.0
566 49.0
567 49.0
568 49.0
569 49.0
570 49.0
571 49.0
572 49.0
573 49.0
574 49.0
575 49.0
576 49.0
577 49.0
578 49.0
579 49.0
580 49.0
581 49.0
582 49.0
583 49.0
584 49.0
585 49.0
586 49.0
587 49.0
588 49.0
589 49.0
590 49.0
591 49.0
592 49.0
593 49.0
594 49.0
595 49.0
596 49.0
597 49.0
598 49.0
599 49.0
600 49.0
601 49.0
602 49.0
603 49.0
604 49.0
605 49.0
606 49.0
607 49.0
608 49.0
609 49.0
610 49.0
611 49.0
612 49.0
613 49.0
614 49.0
615 49.0
616 49.0
617 49.0
618 49.0
619 49.0
620 50.0
621 50.0
622 50.0
623 50.0
624 50.0
625 50.0
626 50.0
627 50.0
628 50.0
629 50.0
630 50.0
631 50.0
632 50.0
633 50.0
634 50.0
635 50.0
636 50.0
637 50.0
638 50.0
639 50.0
640 50.0
641 50.0
642 50.0
643 50.0
644 50.0
645 50.0
646 50.0
647 50.0
648 50.0
649 50.0
650 50.0
651 50.0
652 50.0
653 50.0
654 50.0
655 50.0
656 50.0
657 51.0
658 51.0
659 51.0
660 51.0
661 51.0
662 51.0
663 51.0
664 51.0
665 51.0
666 51.0
667 51.0
668 51.0
669 51.0
670 51.0
671 51.0
672 51.0
673 51.0
674 52.0
675 52.0
676 52.0
677 52.0
678 52.0
679 53.0
680 56.0
681 58.0
682 59.0
683 59.0
684 59.0
685 60.0
686 60.0
687 60.0
688 61.0
689 61.0
690 61.0
691 61.0
692 62.0
693 62.0
694 62.0
695 63.0
696 63.0
697 63.0
698 64.0
699 65.0
700 65.0
701 66.0
702 67.0
703 67.0
704 67.0
705 68.0
706 68.0
707 68.0
708 68.0
709 69.0
710 69.0
711 69.0
712 69.0
713 70.0
714 70.0
715 70.0
716 70.0
717 71.0
718 71.0
719 71.0
720 71.0
721 72.0
722 72.0
723 72.0
724 73.0
725 74.0
726 90.0
727 97.0
728 109.0
729 111.0
730 112.0
731 113.0
732 113.0
733 114.0
734 114.0
735 114.0
736 115.0
737 115.0
738 115.0
739 116.0
740 116.0
741 116.0
742 116.0
743 116.0
744 117.0
745 117.0
746 117.0
747 117.0
748 117.0
749 118.0
750 118.0
751 118.0
752 118.0
753 118.0
754 119.0
755 119.0
756 119.0
757 119.0
758 120.0
759 120.0
760 120.0
761 120.0
762 120.0
763 121.0
764 121.0
765 121.0
766 122.0
767 122.0
768 122.0
769 122.0
770 123.0
771 123.0
772 124.0
773 124.0
774 125.0
775 126.0
776 130.0
777 139.0
778 140.0
779 142.0
780 142.0
781 143.0
782 143.0
783 144.0
784 144.0
785 145.0
786 145.0
787 145.0
788 146.0
789 146.0
790 146.0
791 147.0
792 147.0
793 147.0
794 147.0
795 148.0
796 148.0
797 148.0
798 148.0
799 149.0
800 149.0
801 149.0
802 150.0
803 150.0
804 150.0
805 150.0
806 151.0
807 151.0
808 151.0
809 151.0
810 152.0
811 152.0
812 152.0
813 153.0
814 153.0
815 153.0
816 154.0
817 154.0
818 154.0
819 155.0
820 155.0
821 155.0
822 156.0
823 156.0
824 156.0
825 156.0
826 157.0
827 157.0
828 157.0
829 158.0
830 158.0
831 158.0
832 158.0
833 159.0
834 159.0
835 159.0
836 159.0
837 160.0
838 160.0
839 160.0
840 160.0
841 161.0
842 161.0
843 161.0
844 161.0
845 162.0
846 162.0
847 162.0
848 163.0
849 163.0
850 163.0
851 164.0
852 164.0
853 164.0
854 165.0
855 165.0
856 165.0
857 166.0
858 166.0
859 166.0
860 167.0
861 168.0
862 168.0
863 170.0
864 171.0
865 175.0
866 217.0
867 221.0
868 223.0
869 225.0
870 226.0
871 227.0
872 229.0
873 230.0
874 231.0
875 231.0
876 232.0
877 233.0
878 234.0
879 235.0
880 236.0
881 237.0
882 238.0
883 238.0
884 240.0
885 240.0
886 242.0
887 243.0
888 244.0
889 246.0
890 247.0
891 249.0
892 250.0
893 252.0
894 253.0
895 254.0
896 255.0
897 256.0
898 257.0
899 257.0
900 258.0
901 259.0
902 259.0
903 260.0
904 260.0
905 261.0
906 261.0
907 262.0
908 262.0
909 263.0
910 263.0
911 264.0
912 264.0
913 265.0
914 265.0
915 266.0
916 266.0
917 267.0
918 267.0
919 268.0
920 268.0
921 269.0
922 269.0
923 270.0
924 270.0
925 271.0
926 271.0
927 272.0
928 272.0
929 273.0
930 273.0
931 274.0
932 274.0
933 275.0
934 275.0
935 276.0
936 276.0
937 277.0
938 278.0
939 278.0
940 279.0
941 279.0
942 280.0
943 280.0
944 281.0
945 281.0
946 282.0
947 283.0
948 283.0
949 284.0
950 284.0
951 285.0
952 286.0
953 286.0
954 287.0
955 288.0
956 289.0
957 289.0
958 290.0
959 291.0
960 293.0
961 294.0
962 296.0
963 300.0
964 305.0
965 316.0
966 367.0
967 373.0
968 377.0
969 380.0
970 382.0
971 384.0
972 385.0
973 386.0
974 387.0
975 388.0
976 389.0
977 390.0
978 391.0
979 391.0
980 392.0
981 393.0
982 393.0
983 394.0
984 395.0
985 396.0
986 396.0
987 397.0
988 398.0
989 398.0
990 399.0
991 400.0
992 401.0
993 401.0
994 402.0
995 403.0
996 404.0
997 405.0
998 406.0
999 408.0
1000 410.0
