1 28.0
2 28.0
3 28.0
4 29.0
5 29.0
6 29.0
7 29.0
8 29.0
9 29.0
10 29.0
11 29.0
12 29.0
13 29.0
14 29.0
15 29.0
16 29.0
17 29.0
18 30.0
19 30.0
20 30.0
21 30.0
22 30.0
23 30.0
24 30.0
25 30.0
26 30.0
27 30.0
28 30.0
29 30.0
30 30.0
31 30.0
32 30.0
33 31.0
34 31.0
35 31.0
36 31.0
37 31.0
38 31.0
39 31.0
40 32.0
41 33.0
42 33.0
43 34.0
44 35.0
45 36.0
46 37.0
47 38.0
48 39.0
49 40.0
50 41.0
51 41.0
52 42.0
53 42.0
54 43.0
55 43.0
56 44.0
57 44.0
58 45.0
59 45.0
60 45.0
61 46.0
62 46.0
63 46.0
64 46.0
65 46.0
66 47.0
67 47.0
68 47.0
69 47.0
70 47.0
71 47.0
72 47.0
73 47.0
74 47.0
75 48.0
76 48.0
77 48.0
78 48.0
79 48.0
80 48.0
81 48.0
82 48.0
83 48.0
84 48.0
85 48.0
86 48.0
87 48.0
88 48.0
89 48.0
90 48.0
91 48.0
92 48.0
93 48.0
94 48.0
95 49.0
96 49.0
97 49.0
98 49.0
99 49.0
100 49.0
101 49.0
102 49.0
103 49.0
104 49.0
105 49.0
106 49.0
107 49.0
108 49.0
109 49.0
110 49.0
111 49.0
112 49.0
113 49.0
114 49.0
115 49.0
116 49.0
117 49.0
118 49.0
119 49.0
120 49.0
121 49.0
122 49.0
123 49.0
124 49.0
125 49.0
126 49.0
127 49.0
128 49.0
129 49.0
130 49.0
131 49.0
132 50.0
133 50.0
134 50.0
135 50.0
136 50.0
137 50.0
138 50.0
139 50.0
140 50.0
141 50.0
142 50.0
143 50.0
144 50.0
145 50.0
146 50.0
147 50.0
148 50.0
149 50.0
150 50.0
151 50.0
152 50.0
153 50.0
154 50.0
155 50.0
156 50.0
157 50.0
158 50.0
159 50.0
160 50.0
161 50.0
162 50.0
163 50.0
164 50.0
165 50.0
166 50.0
167 50.0
168 50.0
169 50.0
170 50.0
171 50.0
172 50.0
173 50.0
174 50.0
175 50.0
176 50.0
177 50.0
178 50.0
179 50.0
180 50.0
181 50.0
182 50.0
183 51.0
184 51.0
185 51.0
186 51.0
187 51.0
188 51.0
189 51.0
190 51.0
191 51.0
192 51.0
193 51.0
194 51.0
195 51.0
196 51.0
197 51.0
198 51.0
199 51.0
200 51.0
201 51.0
202 51.0
203 51.0
204 51.0
205 51.0
206 51.0
207 51.0
208 51.0
209 51.0
210 51.0
211 51.0
212 51.0
213 51.0
214 51.0
215 51.0
216 51.0
217 51.0
218 51.0
219 51.0
220 51.0
221 51.0
222 51.0
223 51.0
224 51.0
225 51.0
226 51.0
227 51.0
228 51.0
229 51.0
230 51.0
231 52.0
232 52.0
233 52.0
234 52.0
235 52.0
236 52.0
237 52.0
238 52.0
239 52.0
240 52.0
241 52.0
242 52.0
243 52.0
244 52.0
245 52.0
246 52.0
247 52.0
248 52.0
249 52.0
250 52.0
251 52.0
252 52.0
253 52.0
254 52.0
255 52.0
256 52.0
257 52.0
258 52.0
259 52.0
260 53.0
261 53.0
262 53.0
263 53.0
264 53.0
265 53.0
266 53.0
267 53.0
268 53.0
269 53.0
270 53.0
271 53.0
272 53.0
273 53.0
274 53.0
275 53.0
276 54.0
277 54.0
278 54.0
279 54.0
280 54.0
281 54.0
282 54.0
283 54.0
284 54.0
285 54.0
286 54.0
287 54.0
288 55.0
289 55.0
290 55.0
291 55.0
292 55.0
293 55.0
294 55.0
295 55.0
296 55.0
297 55.0
298 56.0
299 56.0
300 56.0
301 56.0
302 56.0
303 56.0
304 56.0
305 56.0
306 56.0
307 56.0
308 57.0
309 57.0
310 57.0
311 57.0
312 57.0
313 57.0
314 57.0
315 57.0
316 57.0
317 57.0
318 58.0
319 58.0
320 58.0
321 58.0
322 58.0
323 58.0
324 58.0
325 58.0
326 58.0
327 58.0
328 59.0
329 59.0
330 59.0
331 59.0
332 59.0
333 59.0
334 59.0
335 59.0
336 59.0
337 60.0
338 60.0
339 60.0
340 60.0
341 60.0
342 60.0
343 60.0
344 60.0
345 60.0
346 60.0
347 61.0
348 61.0
349 61.0
350 61.0
351 61.0
352 61.0
353 61.0
354 61.0
355 61.0
356 61.0
357 61.0
358 61.0
359 62.0
360 62.0
361 62.0
362 62.0
363 62.0
364 62.0
365 62.0
366 62.0
367 62.0
368 62.0
369 62.0
370 62.0
371 62.0
372 62.0
373 62.0
374 62.0
375 63.0
376 63.0
377 63.0
378 63.0
379 63.0
380 63.0
381 63.0
382 63.0
383 63.0
384 63.0
385 63.0
386 63.0
387 63.0
388 63.0
389 63.0
390 63.0
391 63.0
392 64.0
393 64.0
394 64.0
395 64.0
396 64.0
397 64.0
398 64.0
399 64.0
400 64.0
401 64.0
402 64.0
403 64.0
404 64.0
405 64.0
406 64.0
407 64.0
408 64.0
409 64.0
410 64.0
411 65.0
412 65.0
413 65.0
414 65.0
415 65.0
416 65.0
417 65.0
418 65.0
419 65.0
420 65.0
421 65.0
422 65.0
423 65.0
424 65.0
425 65.0
426 65.0
427 65.0
428 65.0
429 65.0
430 66.0
431 66.0
432 66.0
433 66.0
434 66.0
435 66.0
436 66.0
437 66.0
438 66.0
439 66.0
440 66.0
441 66.0
442 66.0
443 66.0
444 66.0
445 66.0
446 66.0
447 66.0
448 67.0
449 67.0
450 67.0
451 67.0
452 67.0
453 67.0
454 67.0
455 67.0
456 67.0
457 67.0
458 67.0
459 67.0
460 67.0
461 67.0
462 67.0
463 67.0
464 67.0
465 67.0
466 67.0
467 68.0
468 68.0
469 68.0
470 68.0
471 68.0
472 68.0
473 68.0
474 68.0
475 68.0
476 68.0
477 68.0
478 68.0
479 68.0
480 68.0
481 68.0
482 68.0
483 68.0
484 68.0
485 68.0
486 68.0
487 69.0
488 69.0
489 69.0
490 69.0
491 69.0
492 69.0
493 69.0
494 69.0
495 69.0
496 69.0
497 69.0
498 69.0
499 69.0
500 69.0
501 69.0
502 69.0
503 69.0
504 69.0
505 69.0
506 69.0
507 69.0
508 70.0
509 70.0
510 70.0
511 70.0
512 70.0
513 70.0
514 70.0
515 70.0
516 70.0
517 70.0
518 70.0
519 70.0
520 70.0
521 70.0
522 70.0
523 70.0
524 70.0
525 70.0
526 70.0
527 70.0
528 70.0
529 70.0
530 71.0
531 71.0
532 71.0
533 71.0
534 71.0
535 71.0
536 71.0
537 71.0
538 71.0
539 71.0
540 71.0
541 71.0
542 71.0
543 71.0
544 71.0
545 71.0
546 71.0
547 71.0
548 71.0
549 71.0
550 71.0
551 71.0
552 71.0
553 71.0
554 72.0
555 72.0
556 72.0
557 72.0
558 72.0
559 72.0
560 72.0
561 72.0
562 72.0
563 72.0
564 72.0
565 72.0
566 72.0
567 72.0
568 72.0
569 72.0
570 72.0
571 72.0
572 72.0
573 72.0
574 72.0
575 72.0
576 72.0
577 73.0
578 73.0
579 73.0
580 73.0
581 73.0
582 73.0
583 73.0
584 73.0
585 73.0
586 73.0
587 73.0
588 73.0
589 73.0
590 73.0
591 73.0
592 73.0
593 73.0
594 73.0
595 73.0
596 73.0
597 73.0
598 74.0
599 74.0
600 74.0
601 74.0
602 74.0
603 74.0
604 74.0
605 74.0
606 74.0
607 74.0
608 74.0
609 74.0
610 74.0
611 75.0
612 75.0
613 75.0
614 75.0
615 75.0
616 75.0
617 75.0
618 75.0
619 75.0
620 75.0
621 75.0
622 76.0
623 76.0
624 76.0
625 76.0
626 76.0
627 76.0
628 76.0
629 76.0
630 76.0
631 77.0
632 77.0
633 77.0
634 77.0
635 77.0
636 77.0
637 77.0
638 78.0
639 78.0
640 78.0
641 78.0
642 78.0
643 79.0
644 79.0
645 79.0
646 79.0
647 79.0
648 79.0
649 80.0
650 80.0
651 80.0
652 80.0
653 80.0
654 80.0
655 81.0
656 81.0
657 81.0
658 81.0
659 81.0
660 81.0
661 82.0
662 82.0
663 82.0
664 82.0
665 82.0
666 83.0
667 83.0
668 83.0
669 83.0
670 83.0
671 83.0
672 84.0
673 84.0
674 84.0
675 84.0
676 85.0
677 85.0
678 85.0
679 85.0
680 86.0
681 86.0
682 86.0
683 87.0
684 87.0
685 88.0
686 88.0
687 89.0
688 89.0
689 90.0
690 91.0
691 91.0
692 92.0
693 93.0
694 94.0
695 95.0
696 95.0
697 96.0
698 97.0
699 99.0
700 104.0
701 113.0
702 116.0
703 117.0
704 118.0
705 119.0
706 120.0
707 121.0
708 121.0
709 122.0
710 122.0
711 122.0
712 123.0
713 123.0
714 123.0
715 124.0
716 124.0
717 124.0
718 125.0
719 125.0
720 125.0
721 125.0
722 126.0
723 126.0
724 126.0
725 127.0
726 127.0
727 127.0
728 127.0
729 128.0
730 128.0
731 129.0
732 129.0
733 129.0
734 130.0
735 130.0
736 130.0
737 131.0
738 131.0
739 132.0
740 132.0
741 132.0
742 133.0
743 133.0
744 133.0
745 134.0
746 134.0
747 134.0
748 135.0
749 135.0
750 135.0
751 136.0
752 136.0
753 137.0
754 137.0
755 137.0
756 138.0
757 138.0
758 138.0
759 139.0
760 139.0
761 140.0
762 140.0
763 141.0
764 141.0
765 142.0
766 142.0
767 143.0
768 143.0
769 144.0
770 144.0
771 145.0
772 145.0
773 146.0
774 146.0
775 147.0
776 147.0
777 148.0
778 148.0
779 149.0
780 149.0
781 150.0
782 150.0
783 151.0
784 151.0
785 152.0
786 152.0
787 153.0
788 153.0
789 154.0
790 154.0
791 154.0
792 155.0
793 155.0
794 155.0
795 156.0
796 156.0
797 156.0
798 157.0
799 157.0
800 157.0
801 158.0
802 158.0
803 159.0
804 159.0
805 159.0
806 160.0
807 160.0
808 160.0
809 161.0
810 161.0
811 161.0
812 161.0
813 162.0
814 162.0
815 162.0
816 162.0
817 163.0
818 163.0
819 163.0
820 164.0
821 164.0
822 164.0
823 165.0
824 165.0
825 165.0
826 166.0
827 166.0
828 166.0
829 167.0
830 167.0
831 167.0
832 168.0
833 168.0
834 168.0
835 168.0
836 169.0
837 169.0
838 169.0
839 170.0
840 170.0
841 170.0
842 170.0
843 171.0
844 171.0
845 171.0
846 172.0
847 172.0
848 172.0
849 173.0
850 173.0
851 174.0
852 174.0
853 174.0
854 175.0
855 175.0
856 176.0
857 176.0
858 177.0
859 178.0
860 178.0
861 180.0
862 181.0
863 182.0
864 184.0
865 186.0
866 188.0
867 189.0
868 191.0
869 193.0
870 194.0
871 196.0
872 198.0
873 200.0
874 202.0
875 204.0
876 206.0
877 207.0
878 209.0
879 210.0
880 212.0
881 213.0
882 214.0
883 215.0
884 216.0
885 218.0
886 219.0
887 220.0
888 220.0
889 221.0
890 223.0
891 224.0
892 225.0
893 227.0
894 228.0
895 229.0
896 230.0
897 230.0
898 231.0
899 232.0
900 232.0
901 233.0
902 234.0
903 234.0
904 235.0
905 236.0
906 236.0
907 237.0
908 238.0
909 238.0
910 239.0
911 240.0
912 240.0
913 241.0
914 241.0
915 242.0
916 242.0
917 243.0
918 243.0
919 244.0
920 244.0
921 244.0
922 245.0
923 245.0
924 246.0
925 246.0
926 247.0
927 247.0
928 248.0
929 248.0
930 249.0
931 249.0
932 250.0
933 250.0
934 251.0
935 251.0
936 252.0
937 252.0
938 253.0
939 254.0
940 254.0
941 255.0
942 255.0
943 256.0
944 256.0
945 257.0
946 257.0
947 258.0
948 258.0
949 258.0
950 259.0
951 259.0
952 260.0
953 260.0
954 261.0
955 261.0
956 262.0
957 262.0
958 263.0
959 263.0
960 264.0
961 264.0
962 265.0
963 265.0
964 266.0
965 267.0
966 267.0
967 268.0
968 268.0
969 269.0
970 270.0
971 270.0
972 271.0
973 272.0
974 273.0
975 274.0
976 275.0
977 276.0
978 277.0
979 279.0
980 280.0
981 281.0
982 282.0
983 284.0
984 286.0
985 288.0
986 292.0
987 295.0
988 298.0
989 303.0
990 307.0
991 313.0
992 320.0
993 330.0
994 335.0
995 341.0
996 345.0
997 347.0
998 351.0
999 354.0
1000 358.0
