1 27.0
2 28.0
3 28.0
4 28.0
5 28.0
6 28.0
7 28.0
8 28.0
9 28.0
10 28.0
11 28.0
12 28.0
13 29.0
14 29.0
15 29.0
16 29.0
17 29.0
18 29.0
19 29.0
20 29.0
21 29.0
22 29.0
23 29.0
24 29.0
25 29.0
26 29.0
27 29.0
28 29.0
29 29.0
30 29.0
31 29.0
32 29.0
33 29.0
34 29.0
35 29.0
36 29.0
37 29.0
38 29.0
39 29.0
40 29.0
41 29.0
42 29.0
43 29.0
44 29.0
45 29.0
46 29.0
47 29.0
48 29.0
49 29.0
50 29.0
51 29.0
52 29.0
53 29.0
54 29.0
55 29.0
56 29.0
57 29.0
58 29.0
59 29.0
60 29.0
61 30.0
62 30.0
63 30.0
64 30.0
65 30.0
66 30.0
67 30.0
68 30.0
69 30.0
70 30.0
71 30.0
72 30.0
73 30.0
74 30.0
75 30.0
76 30.0
77 30.0
78 30.0
79 30.0
80 30.0
81 30.0
82 30.0
83 30.0
84 30.0
85 30.0
86 30.0
87 30.0
88 30.0
89 30.0
90 30.0
91 30.0
92 30.0
93 30.0
94 30.0
95 30.0
96 30.0
97 30.0
98 30.0
99 30.0
100 30.0
101 30.0
102 30.0
103 30.0
104 30.0
105 30.0
106 30.0
107 30.0
108 30.0
109 30.0
110 30.0
111 30.0
112 30.0
113 30.0
114 30.0
115 30.0
116 30.0
117 30.0
118 30.0
119 30.0
120 30.0
121 30.0
122 30.0
123 30.0
124 30.0
125 30.0
126 30.0
127 30.0
128 30.0
129 30.0
130 30.0
131 30.0
132 30.0
133 30.0
134 30.0
135 30.0
136 30.0
137 30.0
138 30.0
139 30.0
140 30.0
141 30.0
142 30.0
143 30.0
144 30.0
145 30.0
146 30.0
147 30.0
148 30.0
149 30.0
150 30.0
151 30.0
152 31.0
153 31.0
154 31.0
155 31.0
156 31.0
157 31.0
158 31.0
159 31.0
160 31.0
161 31.0
162 31.0
163 31.0
164 31.0
165 31.0
166 31.0
167 31.0
168 31.0
169 31.0
170 31.0
171 31.0
172 31.0
173 31.0
174 31.0
175 31.0
176 31.0
177 31.0
178 31.0
179 31.0
180 31.0
181 31.0
182 31.0
183 31.0
184 31.0
185 31.0
186 31.0
187 31.0
188 31.0
189 31.0
190 31.0
191 31.0
192 31.0
193 31.0
194 31.0
195 31.0
196 31.0
197 31.0
198 31.0
199 31.0
200 31.0
201 31.0
202 31.0
203 31.0
204 31.0
205 31.0
206 31.0
207 31.0
208 31.0
209 31.0
210 31.0
211 31.0
212 31.0
213 31.0
214 32.0
215 32.0
216 32.0
217 32.0
218 32.0
219 32.0
220 32.0
221 32.0
222 32.0
223 32.0
224 32.0
225 32.0
226 32.0
227 32.0
228 32.0
229 32.0
230 33.0
231 33.0
232 36.0
233 39.0
234 40.0
235 40.0
236 40.0
237 40.0
238 41.0
239 41.0
240 41.0
241 41.0
242 41.0
243 41.0
244 41.0
245 41.0
246 41.0
247 41.0
248 41.0
249 41.0
250 41.0
251 41.0
252 41.0
253 41.0
254 42.0
255 42.0
256 42.0
257 42.0
258 42.0
259 42.0
260 42.0
261 42.0
262 42.0
263 42.0
264 42.0
265 42.0
266 42.0
267 42.0
268 42.0
269 42.0
270 42.0
271 42.0
272 42.0
273 42.0
274 42.0
275 42.0
276 42.0
277 42.0
278 42.0
279 42.0
280 42.0
281 42.0
282 42.0
283 42.0
284 42.0
285 42.0
286 42.0
287 42.0
288 42.0
289 42.0
290 43.0
291 43.0
292 43.0
293 43.0
294 43.0
295 43.0
296 43.0
297 43.0
298 43.0
299 43.0
300 43.0
301 43.0
302 43.0
303 43.0
304 43.0
305 43.0
306 43.0
307 43.0
308 43.0
309 43.0
310 43.0
311 43.0
312 43.0
313 43.0
314 43.0
315 43.0
316 43.0
317 43.0
318 43.0
319 43.0
320 43.0
321 43.0
322 43.0
323 43.0
324 43.0
325 43.0
326 43.0
327 43.0
328 43.0
329 43.0
330 43.0
331 43.0
332 43.0
333 43.0
334 43.0
335 43.0
336 43.0
337 43.0
338 43.0
339 43.0
340 44.0
341 44.0
342 44.0
343 44.0
344 44.0
345 44.0
346 44.0
347 44.0
348 44.0
349 44.0
350 44.0
351 44.0
352 44.0
353 44.0
354 44.0
355 44.0
356 44.0
357 44.0
358 44.0
359 44.0
360 44.0
361 44.0
362 44.0
363 44.0
364 44.0
365 44.0
366 44.0
367 44.0
368 44.0
369 44.0
370 44.0
371 44.0
372 44.0
373 44.0
374 44.0
375 44.0
376 44.0
377 44.0
378 44.0
379 44.0
380 44.0
381 44.0
382 44.0
383 44.0
384 44.0
385 44.0
386 44.0
387 45.0
388 45.0
389 45.0
390 45.0
391 45.0
392 45.0
393 45.0
394 45.0
395 45.0
396 45.0
397 45.0
398 45.0
399 45.0
400 45.0
401 45.0
402 45.0
403 45.0
404 45.0
405 45.0
406 45.0
407 45.0
408 45.0
409 45.0
410 45.0
411 45.0
412 45.0
413 45.0
414 45.0
415 45.0
416 45.0
417 45.0
418 45.0
419 46.0
420 46.0
421 46.0
422 46.0
423 46.0
424 46.0
425 46.0
426 46.0
427 46.0
428 46.0
429 46.0
430 46.0
431 46.0
432 46.0
433 46.0
434 46.0
435 46.0
436 46.0
437 46.0
438 46.0
439 46.0
440 46.0
441 46.0
442 46.0
443 46.0
444 46.0
445 46.0
446 46.0
447 46.0
448 46.0
449 46.0
450 47.0
451 47.0
452 47.0
453 47.0
454 47.0
455 47.0
456 47.0
457 47.0
458 47.0
459 47.0
460 47.0
461 47.0
462 47.0
463 47.0
464 47.0
465 47.0
466 47.0
467 47.0
468 47.0
469 47.0
470 47.0
471 47.0
472 47.0
473 47.0
474 47.0
475 47.0
476 47.0
477 47.0
478 47.0
479 47.0
480 47.0
481 47.0
482 47.0
483 47.0
484 47.0
485 47.0
486 47.0
487 47.0
488 47.0
489 47.0
490 47.0
491 47.0
492 47.0
493 47.0
494 47.0
495 47.0
496 47.0
497 47.0
498 47.0
499 47.0
500 47.0
501 47.0
502 47.0
503 48.0
504 48.0
505 48.0
506 48.0
507 48.0
508 48.0
509 48.0
510 48.0
511 48.0
512 48.0
513 48.0
514 48.0
515 48.0
516 48.0
517 48.0
518 48.0
519 48.0
520 48.0
521 48.0
522 48.0
523 48.0
524 48.0
525 48.0
526 48.0
527 48.0
528 48.0
529 48.0
530 48.0
531 48.0
532 48.0
533 48.0
534 48.0
535 48.0
536 48.0
537 48.0
538 48.0
539 48.0
540 48.0
541 48.0
542 48.0
543 48.0
544 48.0
545 48.0
546 48.0
547 48.0
548 48.0
549 48.0
550 48.0
551 48.0
552 48.0
553 48.0
554 48.0
555 48.0
556 48.0
557 48.0
558 48.0
559 48.0
560 48.0
561 48.0
562 48.0
563 48.0
564 48.0
565 48.0
566 48.0
567 48.0
568 48.0
569 48.0
570 48.0
571 48.0
572 49.0
573 49.0
574 49.0
575 49.0
576 49.0
577 49.0
578 49.0
579 49.0
580 49.0
581 49.0
582 49.0
583 49.0
584 49.0
585 49.0
586 49.0
587 49.0
588 49.0
589 49.0
590 49.0
591 49.0
592 49.0
593 49.0
594 49.0
595 49.0
596 49.0
597 49.0
598 49.0
599 49.0
600 49.0
601 49.0
602 49.0
603 49.0
604 49.0
605 49.0
606 49.0
607 49.0
608 49.0
609 49.0
610 49.0
611 49.0
612 49.0
613 49.0
614 49.0
615 49.0
616 49.0
617 49.0
618 49.0
619 49.0
620 49.0
621 49.0
622 49.0
623 49.0
624 49.0
625 49.0
626 49.0
627 49.0
628 49.0
629 49.0
630 49.0
631 49.0
632 49.0
633 49.0
634 49.0
635 50.0
636 50.0
637 50.0
638 50.0
639 50.0
640 50.0
641 50.0
642 50.0
643 50.0
644 50.0
645 50.0
646 50.0
647 50.0
648 50.0
649 50.0
650 50.0
651 50.0
652 50.0
653 50.0
654 50.0
655 50.0
656 50.0
657 50.0
658 50.0
659 50.0
660 50.0
661 50.0
662 50.0
663 50.0
664 50.0
665 50.0
666 50.0
667 50.0
668 50.0
669 50.0
670 50.0
671 50.0
672 50.0
673 50.0
674 50.0
675 51.0
676 51.0
677 51.0
678 51.0
679 51.0
680 51.0
681 51.0
682 51.0
683 51.0
684 51.0
685 51.0
686 51.0
687 51.0
688 51.0
689 51.0
690 51.0
691 51.0
692 51.0
693 52.0
694 52.0
695 52.0
696 52.0
697 53.0
698 53.0
699 58.0
700 59.0
701 60.0
702 60.0
703 61.0
704 61.0
705 62.0
706 63.0
707 63.0
708 65.0
709 66.0
710 67.0
711 68.0
712 68.0
713 69.0
714 69.0
715 70.0
716 70.0
717 70.0
718 71.0
719 71.0
720 72.0
721 73.0
722 74.0
723 106.0
724 110.0
725 112.0
726 112.0
727 113.0
728 113.0
729 114.0
730 114.0
731 114.0
732 115.0
733 115.0
734 115.0
735 115.0
736 116.0
737 116.0
738 116.0
739 116.0
740 117.0
741 117.0
742 117.0
743 117.0
744 117.0
745 117.0
746 118.0
747 118.0
748 118.0
749 118.0
750 118.0
751 118.0
752 119.0
753 119.0
754 119.0
755 119.0
756 119.0
757 120.0
758 120.0
759 120.0
760 120.0
761 120.0
762 121.0
763 121.0
764 121.0
765 121.0
766 121.0
767 122.0
768 122.0
769 122.0
770 123.0
771 123.0
772 123.0
773 124.0
774 124.0
775 125.0
776 126.0
777 127.0
778 137.0
779 139.0
780 141.0
781 142.0
782 142.0
783 143.0
784 143.0
785 144.0
786 144.0
787 145.0
788 145.0
789 145.0
790 146.0
791 146.0
792 146.0
793 146.0
794 147.0
795 147.0
796 147.0
797 147.0
798 148.0
799 148.0
800 148.0
801 149.0
802 149.0
803 149.0
804 149.0
805 150.0
806 150.0
807 150.0
808 150.0
809 151.0
810 151.0
811 151.0
812 151.0
813 152.0
814 152.0
815 152.0
816 152.0
817 153.0
818 153.0
819 153.0
820 154.0
821 154.0
822 154.0
823 155.0
824 155.0
825 155.0
826 155.0
827 156.0
828 156.0
829 156.0
830 157.0
831 157.0
832 157.0
833 157.0
834 158.0
835 158.0
836 158.0
837 159.0
838 159.0
839 159.0
840 159.0
841 160.0
842 160.0
843 160.0
844 160.0
845 161.0
846 161.0
847 161.0
848 161.0
849 162.0
850 162.0
851 162.0
852 162.0
853 163.0
854 163.0
855 163.0
856 164.0
857 164.0
858 164.0
859 165.0
860 165.0
861 165.0
862 166.0
863 166.0
864 167.0
865 167.0
866 168.0
867 170.0
868 172.0
869 212.0
870 220.0
871 222.0
872 224.0
873 226.0
874 227.0
875 228.0
876 229.0
877 230.0
878 231.0
879 232.0
880 233.0
881 233.0
882 234.0
883 235.0
884 236.0
885 237.0
886 237.0
887 238.0
888 239.0
889 240.0
890 240.0
891 241.0
892 242.0
893 243.0
894 245.0
895 246.0
896 247.0
897 249.0
898 251.0
899 252.0
900 253.0
901 254.0
902 255.0
903 256.0
904 257.0
905 258.0
906 258.0
907 259.0
908 260.0
909 260.0
910 261.0
911 261.0
912 262.0
913 262.0
914 263.0
915 263.0
916 264.0
917 265.0
918 265.0
919 266.0
920 266.0
921 267.0
922 267.0
923 268.0
924 268.0
925 269.0
926 270.0
927 270.0
928 271.0
929 272.0
930 272.0
931 273.0
932 273.0
933 274.0
934 275.0
935 276.0
936 276.0
937 277.0
938 277.0
939 278.0
940 279.0
941 279.0
942 280.0
943 280.0
944 281.0
945 282.0
946 282.0
947 283.0
948 284.0
949 284.0
950 285.0
951 286.0
952 286.0
953 287.0
954 288.0
955 289.0
956 290.0
957 291.0
958 292.0
959 294.0
960 297.0
961 301.0
962 346.0
963 371.0
964 376.0
965 379.0
966 382.0
967 383.0
968 384.0
969 386.0
970 387.0
971 388.0
972 389.0
973 389.0
974 390.0
975 391.0
976 392.0
977 393.0
978 393.0
979 394.0
980 394.0
981 395.0
982 396.0
983 397.0
984 397.0
985 398.0
986 399.0
987 399.0
988 400.0
989 401.0
990 401.0
991 402.0
992 403.0
993 404.0
994 405.0
995 406.0
996 408.0
997 409.0
998 412.0
999 415.0
1000 483.0
