1 62.0
2 63.0
3 64.0
4 64.0
5 65.0
6 65.0
7 65.0
8 66.0
9 66.0
10 67.0
11 67.0
12 68.0
13 68.0
14 69.0
15 70.0
16 70.0
17 70.0
18 71.0
19 71.0
20 71.0
21 71.0
22 72.0
23 72.0
24 72.0
25 72.0
26 73.0
27 73.0
28 73.0
29 74.0
30 74.0
31 74.0
32 75.0
33 75.0
34 76.0
35 76.0
36 77.0
37 78.0
38 78.0
39 79.0
40 80.0
41 81.0
42 82.0
43 83.0
44 84.0
45 85.0
46 86.0
47 88.0
48 89.0
49 90.0
50 91.0
51 92.0
52 93.0
53 95.0
54 96.0
55 97.0
56 98.0
57 101.0
58 103.0
59 107.0
60 111.0
61 120.0
62 133.0
63 138.0
64 142.0
65 145.0
66 150.0
67 158.0
68 162.0
69 165.0
70 166.0
71 168.0
72 170.0
73 171.0
74 174.0
75 181.0
76 200.0
77 225.0
78 241.0
79 247.0
80 256.0
81 265.0
82 270.0
83 276.0
84 283.0
85 288.0
86 295.0
87 308.0
88 318.0
89 338.0
90 353.0
91 363.0
92 369.0
93 375.0
94 382.0
95 392.0
96 402.0
97 415.0
98 423.0
99 447.0
100 497.0
