1 63.0
2 65.0
3 66.0
4 67.0
5 68.0
6 68.0
7 69.0
8 69.0
9 70.0
10 70.0
11 70.0
12 71.0
13 71.0
14 71.0
15 72.0
16 72.0
17 72.0
18 73.0
19 73.0
20 74.0
21 74.0
22 74.0
23 75.0
24 76.0
25 76.0
26 77.0
27 77.0
28 78.0
29 79.0
30 80.0
31 80.0
32 81.0
33 81.0
34 82.0
35 83.0
36 83.0
37 84.0
38 84.0
39 85.0
40 85.0
41 86.0
42 87.0
43 88.0
44 89.0
45 89.0
46 90.0
47 91.0
48 92.0
49 93.0
50 94.0
51 95.0
52 96.0
53 97.0
54 98.0
55 100.0
56 101.0
57 103.0
58 105.0
59 107.0
60 109.0
61 112.0
62 115.0
63 125.0
64 138.0
65 142.0
66 147.0
67 153.0
68 158.0
69 160.0
70 164.0
71 166.0
72 167.0
73 169.0
74 171.0
75 174.0
76 177.0
77 180.0
78 184.0
79 194.0
80 205.0
81 233.0
82 247.0
83 256.0
84 266.0
85 272.0
86 278.0
87 283.0
88 289.0
89 301.0
90 310.0
91 320.0
92 331.0
93 345.0
94 358.0
95 368.0
96 376.0
97 381.0
98 392.0
99 405.0
100 418.0
