1 48.0
2 53.0
3 61.0
4 67.0
5 73.0
6 80.0
7 85.0
8 91.0
9 96.0
10 105.0
11 112.0
12 117.0
13 122.0
14 128.0
15 135.0
16 142.0
17 148.0
18 155.0
19 161.0
20 166.0
21 175.0
22 182.0
23 189.0
24 195.0
25 201.0
26 204.0
27 207.0
28 209.0
29 210.0
30 212.0
31 213.0
32 214.0
33 217.0
34 220.0
35 224.0
36 229.0
37 233.0
38 238.0
39 243.0
40 249.0
41 253.0
42 260.0
43 266.0
44 271.0
45 276.0
46 281.0
47 285.0
48 289.0
49 293.0
50 298.0
51 302.0
52 308.0
53 313.0
54 319.0
55 325.0
56 331.0
57 337.0
58 348.0
59 354.0
60 361.0
61 365.0
62 371.0
63 379.0
64 387.0
65 393.0
66 402.0
67 411.0
68 421.0
69 430.0
70 442.0
71 452.0
72 465.0
73 477.0
74 488.0
75 499.0
76 512.0
77 523.0
78 545.0
79 558.0
80 587.0
81 608.0
82 629.0
83 651.0
84 672.0
85 712.0
86 738.0
87 765.0
88 808.0
89 869.0
90 934.0
91 969.0
92 1052.0
93 1119.0
94 1240.0
95 1397.0
96 1547.0
97 1701.0
98 1896.0
99 2210.0
100 2510.0
