1 3.0
2 3.0
3 3.0
4 3.0
5 3.0
6 3.0
7 3.0
8 3.0
9 3.0
10 3.0
11 3.0
12 3.0
13 3.0
14 3.0
15 3.0
16 3.0
17 3.0
18 3.0
19 3.0
20 3.0
21 3.0
22 3.0
23 3.0
24 3.0
25 3.0
26 3.0
27 3.0
28 3.0
29 3.0
30 3.0
31 3.0
32 3.0
33 3.0
34 3.0
35 3.0
36 3.0
37 3.0
38 3.0
39 3.0
40 3.0
41 3.0
42 3.0
43 3.0
44 3.0
45 3.0
46 3.0
47 3.0
48 3.0
49 3.0
50 4.0
51 4.0
52 4.0
53 4.0
54 4.0
55 4.0
56 4.0
57 4.0
58 4.0
59 4.0
60 4.0
61 4.0
62 4.0
63 4.0
64 4.0
65 4.0
66 4.0
67 4.0
68 4.0
69 4.0
70 4.0
71 4.0
72 4.0
73 4.0
74 4.0
75 4.0
76 4.0
77 4.0
78 4.0
79 4.0
80 4.0
81 4.0
82 4.0
83 4.0
84 4.0
85 4.0
86 4.0
87 4.0
88 4.0
89 4.0
90 4.0
91 4.0
92 4.0
93 4.0
94 4.0
95 4.0
96 4.0
97 4.0
98 4.0
99 4.0
100 4.0
101 4.0
102 4.0
103 4.0
104 4.0
105 4.0
106 4.0
107 4.0
108 4.0
109 4.0
110 4.0
111 4.0
112 4.0
113 4.0
114 4.0
115 4.0
116 4.0
117 4.0
118 4.0
119 4.0
120 4.0
121 4.0
122 4.0
123 4.0
124 4.0
125 4.0
126 4.0
127 4.0
128 4.0
129 4.0
130 4.0
131 4.0
132 4.0
133 4.0
134 4.0
135 4.0
136 4.0
137 4.0
138 5.0
139 5.0
140 5.0
141 5.0
142 5.0
143 5.0
144 5.0
145 5.0
146 5.0
147 5.0
148 5.0
149 5.0
150 5.0
151 5.0
152 5.0
153 5.0
154 5.0
155 5.0
156 5.0
157 5.0
158 5.0
159 5.0
160 5.0
161 5.0
162 5.0
163 5.0
164 5.0
165 5.0
166 5.0
167 5.0
168 5.0
169 5.0
170 5.0
171 5.0
172 5.0
173 5.0
174 5.0
175 5.0
176 5.0
177 5.0
178 5.0
179 5.0
180 5.0
181 5.0
182 5.0
183 5.0
184 5.0
185 5.0
186 5.0
187 5.0
188 5.0
189 5.0
190 5.0
191 5.0
192 5.0
193 5.0
194 5.0
195 5.0
196 5.0
197 5.0
198 5.0
199 5.0
200 5.0
201 5.0
202 5.0
203 5.0
204 5.0
205 5.0
206 5.0
207 5.0
208 5.0
209 5.0
210 5.0
211 5.0
212 5.0
213 5.0
214 5.0
215 5.0
216 5.0
217 5.0
218 5.0
219 5.0
220 5.0
221 5.0
222 5.0
223 5.0
224 5.0
225 5.0
226 5.0
227 5.0
228 5.0
229 5.0
230 5.0
231 5.0
232 5.0
233 5.0
234 5.0
235 5.0
236 5.0
237 5.0
238 5.0
239 5.0
240 5.0
241 5.0
242 5.0
243 5.0
244 5.0
245 5.0
246 5.0
247 5.0
248 5.0
249 5.0
250 5.0
251 5.0
252 5.0
253 5.0
254 5.0
255 5.0
256 5.0
257 5.0
258 5.0
259 5.0
260 5.0
261 5.0
262 5.0
263 5.0
264 5.0
265 5.0
266 5.0
267 5.0
268 5.0
269 5.0
270 5.0
271 5.0
272 5.0
273 5.0
274 5.0
275 5.0
276 5.0
277 5.0
278 5.0
279 5.0
280 5.0
281 5.0
282 5.0
283 5.0
284 5.0
285 5.0
286 5.0
287 5.0
288 5.0
289 5.0
290 5.0
291 5.0
292 5.0
293 5.0
294 5.0
295 5.0
296 5.0
297 5.0
298 5.0
299 5.0
300 5.0
301 5.0
302 5.0
303 5.0
304 5.0
305 5.0
306 5.0
307 5.0
308 5.0
309 6.0
310 6.0
311 6.0
312 6.0
313 6.0
314 6.0
315 6.0
316 6.0
317 6.0
318 6.0
319 6.0
320 6.0
321 6.0
322 6.0
323 6.0
324 6.0
325 6.0
326 6.0
327 6.0
328 6.0
329 6.0
330 6.0
331 6.0
332 6.0
333 6.0
334 6.0
335 6.0
336 6.0
337 6.0
338 6.0
339 6.0
340 6.0
341 6.0
342 6.0
343 6.0
344 6.0
345 6.0
346 6.0
347 6.0
348 6.0
349 7.0
350 7.0
351 7.0
352 7.0
353 7.0
354 7.0
355 7.0
356 7.0
357 8.0
358 8.0
359 8.0
360 8.0
361 8.0
362 9.0
363 9.0
364 10.0
365 10.0
366 11.0
367 11.0
368 12.0
369 13.0
370 14.0
371 14.0
372 15.0
373 16.0
374 18.0
375 18.0
376 18.0
377 19.0
378 19.0
379 19.0
380 19.0
381 19.0
382 19.0
383 19.0
384 19.0
385 19.0
386 19.0
387 19.0
388 19.0
389 19.0
390 20.0
391 20.0
392 20.0
393 20.0
394 20.0
395 20.0
396 20.0
397 20.0
398 20.0
399 20.0
400 20.0
401 20.0
402 20.0
403 20.0
404 20.0
405 20.0
406 20.0
407 20.0
408 20.0
409 20.0
410 20.0
411 20.0
412 20.0
413 20.0
414 20.0
415 20.0
416 20.0
417 20.0
418 20.0
419 20.0
420 20.0
421 21.0
422 21.0
423 21.0
424 21.0
425 21.0
426 21.0
427 21.0
428 21.0
429 21.0
430 21.0
431 21.0
432 21.0
433 21.0
434 21.0
435 21.0
436 21.0
437 21.0
438 21.0
439 21.0
440 21.0
441 21.0
442 21.0
443 21.0
444 21.0
445 21.0
446 21.0
447 21.0
448 21.0
449 21.0
450 21.0
451 21.0
452 21.0
453 21.0
454 21.0
455 21.0
456 21.0
457 21.0
458 21.0
459 21.0
460 21.0
461 21.0
462 21.0
463 21.0
464 22.0
465 22.0
466 22.0
467 22.0
468 22.0
469 22.0
470 22.0
471 22.0
472 22.0
473 22.0
474 22.0
475 22.0
476 22.0
477 22.0
478 22.0
479 22.0
480 22.0
481 22.0
482 22.0
483 22.0
484 22.0
485 22.0
486 22.0
487 22.0
488 22.0
489 22.0
490 22.0
491 22.0
492 22.0
493 22.0
494 22.0
495 22.0
496 22.0
497 22.0
498 22.0
499 22.0
500 22.0
501 22.0
502 22.0
503 22.0
504 22.0
505 22.0
506 22.0
507 22.0
508 22.0
509 22.0
510 22.0
511 22.0
512 22.0
513 22.0
514 22.0
515 22.0
516 22.0
517 22.0
518 23.0
519 23.0
520 23.0
521 23.0
522 23.0
523 23.0
524 23.0
525 23.0
526 23.0
527 23.0
528 23.0
529 23.0
530 23.0
531 23.0
532 23.0
533 23.0
534 23.0
535 23.0
536 23.0
537 23.0
538 23.0
539 23.0
540 23.0
541 23.0
542 23.0
543 23.0
544 23.0
545 23.0
546 23.0
547 23.0
548 23.0
549 23.0
550 23.0
551 23.0
552 23.0
553 23.0
554 23.0
555 23.0
556 23.0
557 23.0
558 23.0
559 23.0
560 23.0
561 23.0
562 23.0
563 23.0
564 23.0
565 23.0
566 23.0
567 23.0
568 23.0
569 23.0
570 23.0
571 23.0
572 23.0
573 23.0
574 23.0
575 23.0
576 23.0
577 23.0
578 23.0
579 23.0
580 23.0
581 24.0
582 24.0
583 24.0
584 24.0
585 24.0
586 24.0
587 24.0
588 24.0
589 24.0
590 24.0
591 24.0
592 24.0
593 24.0
594 24.0
595 24.0
596 24.0
597 24.0
598 24.0
599 24.0
600 24.0
601 24.0
602 24.0
603 24.0
604 24.0
605 24.0
606 24.0
607 24.0
608 24.0
609 24.0
610 24.0
611 24.0
612 24.0
613 24.0
614 24.0
615 24.0
616 24.0
617 24.0
618 24.0
619 24.0
620 24.0
621 24.0
622 24.0
623 24.0
624 24.0
625 24.0
626 24.0
627 24.0
628 24.0
629 24.0
630 25.0
631 25.0
632 25.0
633 25.0
634 25.0
635 25.0
636 25.0
637 25.0
638 25.0
639 25.0
640 25.0
641 25.0
642 25.0
643 25.0
644 25.0
645 25.0
646 25.0
647 25.0
648 25.0
649 25.0
650 25.0
651 25.0
652 25.0
653 25.0
654 26.0
655 26.0
656 26.0
657 26.0
658 26.0
659 26.0
660 26.0
661 26.0
662 26.0
663 27.0
664 27.0
665 27.0
666 27.0
667 27.0
668 28.0
669 28.0
670 28.0
671 29.0
672 29.0
673 30.0
674 30.0
675 31.0
676 31.0
677 32.0
678 33.0
679 33.0
680 34.0
681 35.0
682 36.0
683 37.0
684 38.0
685 38.0
686 38.0
687 38.0
688 38.0
689 38.0
690 39.0
691 39.0
692 39.0
693 39.0
694 39.0
695 39.0
696 39.0
697 39.0
698 39.0
699 39.0
700 39.0
701 39.0
702 39.0
703 40.0
704 40.0
705 40.0
706 40.0
707 40.0
708 40.0
709 40.0
710 40.0
711 40.0
712 40.0
713 40.0
714 40.0
715 40.0
716 40.0
717 40.0
718 40.0
719 41.0
720 41.0
721 41.0
722 41.0
723 41.0
724 41.0
725 41.0
726 41.0
727 41.0
728 41.0
729 41.0
730 41.0
731 41.0
732 41.0
733 42.0
734 42.0
735 42.0
736 42.0
737 42.0
738 42.0
739 42.0
740 42.0
741 42.0
742 43.0
743 43.0
744 43.0
745 44.0
746 44.0
747 46.0
748 50.0
749 57.0
750 58.0
751 59.0
752 59.0
753 59.0
754 60.0
755 60.0
756 60.0
757 61.0
758 61.0
759 61.0
760 62.0
761 62.0
762 62.0
763 63.0
764 63.0
765 64.0
766 66.0
767 75.0
768 76.0
769 76.0
770 77.0
771 77.0
772 77.0
773 78.0
774 78.0
775 78.0
776 78.0
777 78.0
778 79.0
779 79.0
780 79.0
781 79.0
782 79.0
783 80.0
784 80.0
785 80.0
786 80.0
787 80.0
788 81.0
789 81.0
790 81.0
791 81.0
792 82.0
793 82.0
794 82.0
795 83.0
796 83.0
797 84.0
798 85.0
799 86.0
800 86.0
801 87.0
802 87.0
803 88.0
804 88.0
805 88.0
806 89.0
807 89.0
808 89.0
809 89.0
810 90.0
811 90.0
812 90.0
813 90.0
814 90.0
815 91.0
816 91.0
817 91.0
818 91.0
819 91.0
820 92.0
821 92.0
822 92.0
823 92.0
824 93.0
825 93.0
826 93.0
827 94.0
828 94.0
829 95.0
830 96.0
831 101.0
832 106.0
833 107.0
834 109.0
835 110.0
836 111.0
837 112.0
838 112.0
839 113.0
840 114.0
841 114.0
842 115.0
843 116.0
844 116.0
845 117.0
846 117.0
847 118.0
848 119.0
849 119.0
850 120.0
851 121.0
852 122.0
853 123.0
854 125.0
855 128.0
856 129.0
857 131.0
858 132.0
859 132.0
860 133.0
861 133.0
862 134.0
863 134.0
864 135.0
865 135.0
866 135.0
867 136.0
868 136.0
869 136.0
870 137.0
871 137.0
872 137.0
873 137.0
874 138.0
875 138.0
876 138.0
877 139.0
878 139.0
879 139.0
880 139.0
881 139.0
882 140.0
883 140.0
884 140.0
885 140.0
886 141.0
887 141.0
888 141.0
889 141.0
890 141.0
891 142.0
892 142.0
893 142.0
894 142.0
895 143.0
896 143.0
897 143.0
898 143.0
899 143.0
900 144.0
901 144.0
902 144.0
903 144.0
904 145.0
905 145.0
906 145.0
907 145.0
908 146.0
909 146.0
910 146.0
911 146.0
912 147.0
913 147.0
914 147.0
915 147.0
916 148.0
917 148.0
918 148.0
919 148.0
920 149.0
921 149.0
922 149.0
923 149.0
924 150.0
925 150.0
926 150.0
927 151.0
928 151.0
929 151.0
930 152.0
931 152.0
932 152.0
933 152.0
934 153.0
935 153.0
936 153.0
937 153.0
938 154.0
939 154.0
940 154.0
941 154.0
942 155.0
943 155.0
944 155.0
945 155.0
946 156.0
947 156.0
948 156.0
949 157.0
950 157.0
951 157.0
952 157.0
953 158.0
954 158.0
955 158.0
956 158.0
957 159.0
958 159.0
959 159.0
960 160.0
961 160.0
962 160.0
963 160.0
964 161.0
965 161.0
966 161.0
967 162.0
968 162.0
969 163.0
970 163.0
971 163.0
972 164.0
973 165.0
974 165.0
975 167.0
976 169.0
977 210.0
978 220.0
979 223.0
980 225.0
981 227.0
982 229.0
983 231.0
984 233.0
985 234.0
986 236.0
987 238.0
988 241.0
989 245.0
990 251.0
991 255.0
992 258.0
993 260.0
994 262.0
995 264.0
996 266.0
997 268.0
998 270.0
999 273.0
1000 279.0
