1 68.0
2 70.0
3 72.0
4 73.0
5 74.0
6 75.0
7 76.0
8 77.0
9 78.0
10 80.0
11 81.0
12 83.0
13 85.0
14 86.0
15 89.0
16 91.0
17 93.0
18 94.0
19 97.0
20 100.0
21 101.0
22 104.0
23 106.0
24 109.0
25 112.0
26 115.0
27 118.0
28 120.0
29 123.0
30 127.0
31 131.0
32 135.0
33 138.0
34 141.0
35 145.0
36 148.0
37 154.0
38 160.0
39 166.0
40 171.0
41 176.0
42 181.0
43 184.0
44 190.0
45 195.0
46 198.0
47 202.0
48 208.0
49 212.0
50 217.0
51 222.0
52 229.0
53 235.0
54 244.0
55 251.0
56 257.0
57 262.0
58 268.0
59 272.0
60 276.0
61 285.0
62 294.0
63 303.0
64 313.0
65 322.0
66 335.0
67 348.0
68 364.0
69 378.0
70 387.0
71 405.0
72 418.0
73 440.0
74 473.0
75 503.0
76 530.0
77 578.0
78 618.0
79 648.0
80 680.0
81 711.0
82 735.0
83 781.0
84 829.0
85 862.0
86 917.0
87 981.0
88 1045.0
89 1131.0
90 1200.0
91 1284.0
92 1408.0
93 1505.0
94 1690.0
95 1825.0
96 2189.0
97 2514.0
98 2926.0
99 3262.0
100 4044.0
