1 28.0
2 29.0
3 29.0
4 29.0
5 29.0
6 29.0
7 30.0
8 30.0
9 30.0
10 30.0
11 30.0
12 30.0
13 30.0
14 30.0
15 30.0
16 31.0
17 31.0
18 31.0
19 31.0
20 31.0
21 31.0
22 32.0
23 32.0
24 57.0
25 58.0
26 59.0
27 60.0
28 60.0
29 60.0
30 61.0
31 61.0
32 61.0
33 61.0
34 62.0
35 62.0
36 63.0
37 63.0
38 64.0
39 65.0
40 67.0
41 68.0
42 69.0
43 69.0
44 69.0
45 70.0
46 70.0
47 70.0
48 70.0
49 70.0
50 70.0
51 71.0
52 71.0
53 71.0
54 71.0
55 71.0
56 71.0
57 72.0
58 72.0
59 72.0
60 72.0
61 72.0
62 72.0
63 73.0
64 73.0
65 73.0
66 73.0
67 74.0
68 74.0
69 74.0
70 75.0
71 76.0
72 98.0
73 103.0
74 115.0
75 117.0
76 120.0
77 121.0
78 126.0
79 258.0
80 264.0
81 271.0
82 276.0
83 279.0
84 282.0
85 284.0
86 287.0
87 290.0
88 294.0
89 300.0
90 305.0
91 310.0
92 358.0
93 369.0
94 376.0
95 384.0
96 388.0
97 393.0
98 398.0
99 404.0
100 418.0
