1 67.0
2 68.0
3 70.0
4 70.0
5 71.0
6 72.0
7 73.0
8 74.0
9 75.0
10 76.0
11 77.0
12 78.0
13 79.0
14 80.0
15 82.0
16 84.0
17 86.0
18 88.0
19 89.0
20 92.0
21 93.0
22 94.0
23 97.0
24 100.0
25 103.0
26 107.0
27 111.0
28 115.0
29 119.0
30 124.0
31 128.0
32 133.0
33 139.0
34 146.0
35 152.0
36 157.0
37 164.0
38 170.0
39 180.0
40 182.0
41 188.0
42 188.0
43 191.0
44 194.0
45 196.0
46 198.0
47 201.0
48 205.0
49 210.0
50 213.0
51 220.0
52 228.0
53 244.0
54 254.0
55 259.0
56 264.0
57 268.0
58 283.0
59 289.0
60 292.0
61 298.0
62 309.0
63 315.0
64 328.0
65 340.0
66 348.0
67 356.0
68 365.0
69 367.0
70 372.0
71 383.0
72 391.0
73 408.0
74 431.0
75 456.0
76 467.0
77 479.0
78 493.0
79 506.0
80 527.0
81 543.0
82 559.0
83 584.0
84 599.0
85 633.0
86 692.0
87 713.0
88 755.0
89 798.0
90 852.0
91 888.0
92 930.0
93 990.0
94 1018.0
95 1058.0
96 1090.0
97 1109.0
98 1190.0
99 1290.0
100 1315.0
