1 4.0
2 4.0
3 4.0
4 4.0
5 4.0
6 4.0
7 4.0
8 4.0
9 4.0
10 4.0
11 4.0
12 4.0
13 4.0
14 4.0
15 4.0
16 4.0
17 4.0
18 4.0
19 4.0
20 4.0
21 4.0
22 4.0
23 4.0
24 4.0
25 4.0
26 4.0
27 4.0
28 4.0
29 4.0
30 4.0
31 4.0
32 4.0
33 4.0
34 4.0
35 4.0
36 4.0
37 4.0
38 4.0
39 4.0
40 4.0
41 4.0
42 4.0
43 4.0
44 4.0
45 4.0
46 4.0
47 4.0
48 4.0
49 4.0
50 4.0
51 4.0
52 4.0
53 4.0
54 4.0
55 4.0
56 4.0
57 4.0
58 4.0
59 4.0
60 4.0
61 4.0
62 4.0
63 4.0
64 4.0
65 4.0
66 4.0
67 4.0
68 4.0
69 4.0
70 4.0
71 4.0
72 4.0
73 4.0
74 4.0
75 4.0
76 4.0
77 4.0
78 4.0
79 4.0
80 4.0
81 4.0
82 4.0
83 4.0
84 4.0
85 4.0
86 4.0
87 4.0
88 4.0
89 4.0
90 4.0
91 4.0
92 4.0
93 4.0
94 5.0
95 5.0
96 5.0
97 5.0
98 5.0
99 5.0
100 5.0
101 5.0
102 5.0
103 5.0
104 5.0
105 5.0
106 5.0
107 5.0
108 5.0
109 5.0
110 5.0
111 5.0
112 5.0
113 5.0
114 5.0
115 5.0
116 5.0
117 5.0
118 5.0
119 5.0
120 5.0
121 5.0
122 5.0
123 5.0
124 5.0
125 5.0
126 5.0
127 5.0
128 5.0
129 5.0
130 5.0
131 5.0
132 5.0
133 5.0
134 5.0
135 5.0
136 5.0
137 5.0
138 5.0
139 5.0
140 5.0
141 5.0
142 5.0
143 5.0
144 5.0
145 5.0
146 5.0
147 5.0
148 5.0
149 5.0
150 5.0
151 5.0
152 5.0
153 5.0
154 5.0
155 5.0
156 5.0
157 5.0
158 5.0
159 5.0
160 5.0
161 5.0
162 5.0
163 5.0
164 5.0
165 5.0
166 5.0
167 5.0
168 5.0
169 5.0
170 5.0
171 5.0
172 5.0
173 5.0
174 6.0
175 6.0
176 12.0
177 13.0
178 13.0
179 13.0
180 13.0
181 13.0
182 13.0
183 13.0
184 13.0
185 13.0
186 13.0
187 13.0
188 14.0
189 14.0
190 14.0
191 14.0
192 14.0
193 14.0
194 14.0
195 14.0
196 14.0
197 14.0
198 14.0
199 14.0
200 14.0
201 14.0
202 15.0
203 15.0
204 16.0
205 17.0
206 18.0
207 18.0
208 18.0
209 18.0
210 18.0
211 18.0
212 18.0
213 19.0
214 19.0
215 19.0
216 19.0
217 19.0
218 19.0
219 19.0
220 19.0
221 19.0
222 19.0
223 19.0
224 19.0
225 19.0
226 19.0
227 19.0
228 19.0
229 19.0
230 19.0
231 19.0
232 19.0
233 19.0
234 19.0
235 19.0
236 19.0
237 19.0
238 19.0
239 19.0
240 19.0
241 20.0
242 20.0
243 20.0
244 20.0
245 20.0
246 20.0
247 20.0
248 20.0
249 20.0
250 20.0
251 20.0
252 20.0
253 20.0
254 20.0
255 20.0
256 20.0
257 20.0
258 20.0
259 20.0
260 20.0
261 20.0
262 20.0
263 20.0
264 20.0
265 20.0
266 20.0
267 20.0
268 20.0
269 20.0
270 20.0
271 20.0
272 20.0
273 20.0
274 20.0
275 20.0
276 20.0
277 20.0
278 20.0
279 20.0
280 20.0
281 20.0
282 20.0
283 20.0
284 20.0
285 20.0
286 20.0
287 20.0
288 20.0
289 21.0
290 21.0
291 21.0
292 21.0
293 21.0
294 21.0
295 21.0
296 21.0
297 21.0
298 21.0
299 21.0
300 21.0
301 21.0
302 21.0
303 21.0
304 21.0
305 21.0
306 21.0
307 21.0
308 21.0
309 21.0
310 21.0
311 21.0
312 21.0
313 21.0
314 21.0
315 21.0
316 21.0
317 21.0
318 21.0
319 21.0
320 21.0
321 21.0
322 21.0
323 21.0
324 21.0
325 21.0
326 21.0
327 21.0
328 21.0
329 21.0
330 21.0
331 21.0
332 21.0
333 21.0
334 21.0
335 21.0
336 21.0
337 21.0
338 21.0
339 21.0
340 21.0
341 21.0
342 21.0
343 21.0
344 21.0
345 22.0
346 22.0
347 22.0
348 22.0
349 22.0
350 22.0
351 22.0
352 22.0
353 22.0
354 22.0
355 22.0
356 22.0
357 22.0
358 22.0
359 22.0
360 22.0
361 22.0
362 22.0
363 22.0
364 22.0
365 22.0
366 22.0
367 22.0
368 22.0
369 22.0
370 22.0
371 22.0
372 22.0
373 22.0
374 22.0
375 22.0
376 22.0
377 22.0
378 22.0
379 22.0
380 22.0
381 22.0
382 22.0
383 22.0
384 22.0
385 22.0
386 22.0
387 22.0
388 22.0
389 22.0
390 22.0
391 22.0
392 22.0
393 22.0
394 22.0
395 22.0
396 22.0
397 22.0
398 22.0
399 22.0
400 22.0
401 22.0
402 22.0
403 22.0
404 22.0
405 22.0
406 22.0
407 22.0
408 22.0
409 22.0
410 22.0
411 22.0
412 22.0
413 22.0
414 23.0
415 23.0
416 23.0
417 23.0
418 23.0
419 23.0
420 23.0
421 23.0
422 23.0
423 23.0
424 23.0
425 23.0
426 23.0
427 23.0
428 23.0
429 23.0
430 23.0
431 23.0
432 23.0
433 23.0
434 23.0
435 23.0
436 23.0
437 23.0
438 23.0
439 23.0
440 23.0
441 23.0
442 23.0
443 23.0
444 23.0
445 23.0
446 23.0
447 23.0
448 23.0
449 23.0
450 23.0
451 23.0
452 23.0
453 23.0
454 23.0
455 23.0
456 23.0
457 23.0
458 23.0
459 23.0
460 23.0
461 23.0
462 23.0
463 23.0
464 23.0
465 23.0
466 23.0
467 23.0
468 23.0
469 23.0
470 23.0
471 23.0
472 23.0
473 23.0
474 23.0
475 23.0
476 23.0
477 23.0
478 23.0
479 24.0
480 24.0
481 24.0
482 24.0
483 24.0
484 24.0
485 24.0
486 24.0
487 24.0
488 24.0
489 24.0
490 24.0
491 24.0
492 24.0
493 24.0
494 24.0
495 24.0
496 24.0
497 24.0
498 24.0
499 24.0
500 24.0
501 24.0
502 24.0
503 24.0
504 24.0
505 24.0
506 24.0
507 24.0
508 24.0
509 24.0
510 24.0
511 24.0
512 24.0
513 24.0
514 25.0
515 25.0
516 25.0
517 25.0
518 25.0
519 25.0
520 25.0
521 25.0
522 25.0
523 25.0
524 26.0
525 27.0
526 28.0
527 29.0
528 29.0
529 29.0
530 30.0
531 30.0
532 30.0
533 30.0
534 30.0
535 30.0
536 30.0
537 31.0
538 31.0
539 31.0
540 31.0
541 31.0
542 31.0
543 31.0
544 31.0
545 31.0
546 31.0
547 32.0
548 32.0
549 32.0
550 32.0
551 32.0
552 32.0
553 32.0
554 32.0
555 32.0
556 32.0
557 32.0
558 32.0
559 33.0
560 33.0
561 33.0
562 33.0
563 33.0
564 33.0
565 33.0
566 33.0
567 34.0
568 34.0
569 34.0
570 35.0
571 35.0
572 36.0
573 37.0
574 37.0
575 37.0
576 38.0
577 38.0
578 38.0
579 38.0
580 38.0
581 38.0
582 38.0
583 38.0
584 38.0
585 39.0
586 39.0
587 39.0
588 39.0
589 39.0
590 39.0
591 39.0
592 39.0
593 39.0
594 39.0
595 39.0
596 39.0
597 39.0
598 39.0
599 39.0
600 39.0
601 39.0
602 40.0
603 40.0
604 40.0
605 40.0
606 40.0
607 40.0
608 40.0
609 40.0
610 40.0
611 40.0
612 40.0
613 40.0
614 40.0
615 40.0
616 40.0
617 40.0
618 40.0
619 41.0
620 41.0
621 41.0
622 41.0
623 41.0
624 41.0
625 41.0
626 41.0
627 41.0
628 41.0
629 41.0
630 41.0
631 41.0
632 42.0
633 42.0
634 42.0
635 42.0
636 42.0
637 42.0
638 43.0
639 43.0
640 43.0
641 43.0
642 44.0
643 44.0
644 44.0
645 45.0
646 45.0
647 45.0
648 45.0
649 46.0
650 46.0
651 46.0
652 46.0
653 46.0
654 46.0
655 46.0
656 46.0
657 46.0
658 47.0
659 47.0
660 47.0
661 47.0
662 47.0
663 47.0
664 47.0
665 47.0
666 47.0
667 47.0
668 47.0
669 47.0
670 47.0
671 47.0
672 47.0
673 47.0
674 47.0
675 47.0
676 48.0
677 48.0
678 48.0
679 48.0
680 48.0
681 48.0
682 48.0
683 48.0
684 48.0
685 48.0
686 48.0
687 48.0
688 48.0
689 48.0
690 48.0
691 48.0
692 48.0
693 48.0
694 48.0
695 48.0
696 48.0
697 48.0
698 48.0
699 48.0
700 48.0
701 48.0
702 48.0
703 48.0
704 49.0
705 49.0
706 49.0
707 49.0
708 49.0
709 49.0
710 49.0
711 49.0
712 49.0
713 49.0
714 49.0
715 49.0
716 49.0
717 49.0
718 49.0
719 49.0
720 49.0
721 49.0
722 49.0
723 49.0
724 49.0
725 49.0
726 49.0
727 49.0
728 49.0
729 49.0
730 49.0
731 49.0
732 50.0
733 50.0
734 50.0
735 50.0
736 50.0
737 50.0
738 50.0
739 50.0
740 50.0
741 50.0
742 50.0
743 50.0
744 50.0
745 50.0
746 50.0
747 50.0
748 50.0
749 50.0
750 50.0
751 50.0
752 51.0
753 51.0
754 51.0
755 51.0
756 51.0
757 51.0
758 51.0
759 51.0
760 51.0
761 51.0
762 52.0
763 52.0
764 52.0
765 52.0
766 53.0
767 55.0
768 76.0
769 84.0
770 89.0
771 119.0
772 123.0
773 124.0
774 125.0
775 126.0
776 127.0
777 127.0
778 128.0
779 128.0
780 129.0
781 129.0
782 129.0
783 130.0
784 130.0
785 130.0
786 131.0
787 131.0
788 131.0
789 132.0
790 132.0
791 132.0
792 132.0
793 133.0
794 133.0
795 133.0
796 134.0
797 134.0
798 134.0
799 135.0
800 135.0
801 135.0
802 135.0
803 136.0
804 136.0
805 136.0
806 137.0
807 137.0
808 137.0
809 138.0
810 138.0
811 139.0
812 139.0
813 139.0
814 140.0
815 140.0
816 141.0
817 142.0
818 142.0
819 143.0
820 144.0
821 146.0
822 148.0
823 151.0
824 156.0
825 160.0
826 163.0
827 167.0
828 170.0
829 172.0
830 174.0
831 174.0
832 175.0
833 176.0
834 177.0
835 177.0
836 178.0
837 178.0
838 179.0
839 179.0
840 180.0
841 180.0
842 180.0
843 181.0
844 181.0
845 182.0
846 182.0
847 182.0
848 183.0
849 183.0
850 183.0
851 184.0
852 184.0
853 184.0
854 185.0
855 185.0
856 185.0
857 186.0
858 186.0
859 186.0
860 187.0
861 187.0
862 187.0
863 188.0
864 188.0
865 189.0
866 189.0
867 189.0
868 190.0
869 190.0
870 191.0
871 191.0
872 192.0
873 192.0
874 193.0
875 193.0
876 194.0
877 194.0
878 195.0
879 196.0
880 196.0
881 197.0
882 198.0
883 198.0
884 199.0
885 200.0
886 201.0
887 202.0
888 203.0
889 205.0
890 206.0
891 207.0
892 209.0
893 210.0
894 211.0
895 212.0
896 213.0
897 214.0
898 215.0
899 216.0
900 218.0
901 219.0
902 221.0
903 222.0
904 225.0
905 232.0
906 238.0
907 242.0
908 244.0
909 246.0
910 248.0
911 249.0
912 250.0
913 251.0
914 252.0
915 252.0
916 253.0
917 254.0
918 254.0
919 255.0
920 255.0
921 256.0
922 256.0
923 257.0
924 257.0
925 258.0
926 258.0
927 259.0
928 259.0
929 259.0
930 260.0
931 260.0
932 261.0
933 261.0
934 261.0
935 262.0
936 262.0
937 262.0
938 263.0
939 263.0
940 263.0
941 264.0
942 264.0
943 264.0
944 265.0
945 265.0
946 265.0
947 266.0
948 266.0
949 266.0
950 267.0
951 267.0
952 267.0
953 268.0
954 268.0
955 269.0
956 269.0
957 269.0
958 270.0
959 270.0
960 271.0
961 271.0
962 271.0
963 272.0
964 272.0
965 273.0
966 273.0
967 274.0
968 274.0
969 275.0
970 275.0
971 276.0
972 276.0
973 277.0
974 277.0
975 278.0
976 278.0
977 279.0
978 280.0
979 280.0
980 281.0
981 281.0
982 282.0
983 283.0
984 284.0
985 284.0
986 285.0
987 286.0
988 287.0
989 288.0
990 290.0
991 291.0
992 293.0
993 295.0
994 299.0
995 305.0
996 313.0
997 343.0
998 355.0
999 360.0
1000 365.0
