1 4.0
2 4.0
3 5.0
4 5.0
5 5.0
6 5.0
7 5.0
8 5.0
9 5.0
10 5.0
11 5.0
12 5.0
13 5.0
14 5.0
15 5.0
16 5.0
17 5.0
18 5.0
19 5.0
20 5.0
21 5.0
22 5.0
23 5.0
24 5.0
25 5.0
26 5.0
27 5.0
28 5.0
29 5.0
30 5.0
31 5.0
32 5.0
33 5.0
34 5.0
35 5.0
36 5.0
37 5.0
38 5.0
39 5.0
40 5.0
41 5.0
42 5.0
43 5.0
44 5.0
45 5.0
46 5.0
47 5.0
48 5.0
49 5.0
50 5.0
51 5.0
52 5.0
53 5.0
54 5.0
55 5.0
56 5.0
57 5.0
58 5.0
59 5.0
60 5.0
61 5.0
62 5.0
63 5.0
64 5.0
65 5.0
66 5.0
67 5.0
68 5.0
69 5.0
70 5.0
71 5.0
72 5.0
73 5.0
74 5.0
75 5.0
76 5.0
77 5.0
78 5.0
79 5.0
80 5.0
81 5.0
82 5.0
83 5.0
84 5.0
85 5.0
86 5.0
87 5.0
88 5.0
89 5.0
90 5.0
91 5.0
92 5.0
93 5.0
94 5.0
95 5.0
96 5.0
97 5.0
98 5.0
99 5.0
100 5.0
101 5.0
102 5.0
103 5.0
104 5.0
105 5.0
106 5.0
107 5.0
108 5.0
109 5.0
110 5.0
111 5.0
112 5.0
113 5.0
114 5.0
115 5.0
116 5.0
117 5.0
118 5.0
119 5.0
120 5.0
121 5.0
122 5.0
123 5.0
124 5.0
125 5.0
126 5.0
127 5.0
128 5.0
129 5.0
130 5.0
131 5.0
132 5.0
133 5.0
134 5.0
135 5.0
136 5.0
137 5.0
138 5.0
139 5.0
140 5.0
141 5.0
142 5.0
143 5.0
144 5.0
145 5.0
146 5.0
147 5.0
148 5.0
149 5.0
150 5.0
151 5.0
152 5.0
153 5.0
154 5.0
155 5.0
156 5.0
157 5.0
158 5.0
159 5.0
160 5.0
161 5.0
162 5.0
163 5.0
164 5.0
165 5.0
166 5.0
167 5.0
168 5.0
169 5.0
170 5.0
171 5.0
172 5.0
173 5.0
174 5.0
175 5.0
176 5.0
177 5.0
178 5.0
179 5.0
180 5.0
181 5.0
182 5.0
183 5.0
184 5.0
185 5.0
186 5.0
187 5.0
188 5.0
189 5.0
190 5.0
191 5.0
192 5.0
193 5.0
194 5.0
195 5.0
196 5.0
197 5.0
198 5.0
199 5.0
200 5.0
201 5.0
202 5.0
203 5.0
204 5.0
205 5.0
206 5.0
207 5.0
208 5.0
209 5.0
210 5.0
211 5.0
212 5.0
213 5.0
214 5.0
215 5.0
216 5.0
217 5.0
218 5.0
219 5.0
220 5.0
221 5.0
222 5.0
223 5.0
224 5.0
225 5.0
226 5.0
227 5.0
228 6.0
229 6.0
230 6.0
231 6.0
232 6.0
233 6.0
234 6.0
235 6.0
236 6.0
237 6.0
238 6.0
239 6.0
240 6.0
241 6.0
242 6.0
243 6.0
244 6.0
245 6.0
246 6.0
247 6.0
248 6.0
249 6.0
250 6.0
251 6.0
252 6.0
253 6.0
254 6.0
255 6.0
256 6.0
257 6.0
258 6.0
259 6.0
260 6.0
261 6.0
262 6.0
263 6.0
264 6.0
265 6.0
266 6.0
267 6.0
268 6.0
269 7.0
270 7.0
271 7.0
272 7.0
273 7.0
274 8.0
275 8.0
276 8.0
277 8.0
278 9.0
279 9.0
280 9.0
281 9.0
282 9.0
283 9.0
284 9.0
285 9.0
286 9.0
287 9.0
288 9.0
289 9.0
290 9.0
291 9.0
292 9.0
293 9.0
294 9.0
295 9.0
296 9.0
297 9.0
298 9.0
299 9.0
300 9.0
301 10.0
302 10.0
303 10.0
304 10.0
305 10.0
306 10.0
307 10.0
308 10.0
309 10.0
310 10.0
311 10.0
312 10.0
313 10.0
314 10.0
315 10.0
316 10.0
317 10.0
318 10.0
319 11.0
320 11.0
321 11.0
322 11.0
323 11.0
324 11.0
325 11.0
326 11.0
327 11.0
328 11.0
329 11.0
330 11.0
331 11.0
332 11.0
333 11.0
334 11.0
335 11.0
336 11.0
337 11.0
338 11.0
339 11.0
340 11.0
341 11.0
342 11.0
343 11.0
344 12.0
345 12.0
346 12.0
347 12.0
348 12.0
349 12.0
350 12.0
351 13.0
352 14.0
353 15.0
354 15.0
355 16.0
356 17.0
357 19.0
358 22.0
359 24.0
360 24.0
361 24.0
362 25.0
363 25.0
364 25.0
365 25.0
366 25.0
367 25.0
368 25.0
369 25.0
370 25.0
371 25.0
372 25.0
373 25.0
374 25.0
375 25.0
376 25.0
377 25.0
378 26.0
379 26.0
380 26.0
381 26.0
382 26.0
383 26.0
384 26.0
385 26.0
386 26.0
387 26.0
388 26.0
389 26.0
390 26.0
391 26.0
392 26.0
393 26.0
394 26.0
395 26.0
396 26.0
397 26.0
398 26.0
399 26.0
400 26.0
401 26.0
402 26.0
403 26.0
404 26.0
405 26.0
406 26.0
407 26.0
408 26.0
409 26.0
410 26.0
411 26.0
412 26.0
413 26.0
414 26.0
415 27.0
416 27.0
417 27.0
418 27.0
419 27.0
420 27.0
421 27.0
422 27.0
423 27.0
424 27.0
425 27.0
426 27.0
427 27.0
428 27.0
429 27.0
430 27.0
431 27.0
432 27.0
433 27.0
434 27.0
435 27.0
436 27.0
437 27.0
438 27.0
439 27.0
440 27.0
441 27.0
442 27.0
443 27.0
444 27.0
445 27.0
446 27.0
447 27.0
448 27.0
449 27.0
450 27.0
451 27.0
452 27.0
453 27.0
454 27.0
455 27.0
456 28.0
457 28.0
458 28.0
459 28.0
460 28.0
461 28.0
462 28.0
463 28.0
464 28.0
465 28.0
466 28.0
467 28.0
468 28.0
469 28.0
470 28.0
471 28.0
472 28.0
473 28.0
474 28.0
475 28.0
476 28.0
477 28.0
478 28.0
479 28.0
480 29.0
481 29.0
482 29.0
483 29.0
484 29.0
485 29.0
486 29.0
487 29.0
488 29.0
489 29.0
490 29.0
491 30.0
492 30.0
493 30.0
494 30.0
495 30.0
496 30.0
497 30.0
498 31.0
499 31.0
500 31.0
501 32.0
502 32.0
503 32.0
504 33.0
505 33.0
506 33.0
507 34.0
508 34.0
509 35.0
510 36.0
511 36.0
512 37.0
513 38.0
514 38.0
515 38.0
516 39.0
517 39.0
518 39.0
519 39.0
520 39.0
521 39.0
522 40.0
523 40.0
524 40.0
525 40.0
526 40.0
527 40.0
528 40.0
529 40.0
530 41.0
531 41.0
532 41.0
533 41.0
534 41.0
535 41.0
536 41.0
537 41.0
538 41.0
539 42.0
540 42.0
541 42.0
542 42.0
543 42.0
544 42.0
545 42.0
546 42.0
547 42.0
548 42.0
549 42.0
550 43.0
551 43.0
552 43.0
553 43.0
554 43.0
555 43.0
556 43.0
557 43.0
558 43.0
559 43.0
560 43.0
561 43.0
562 43.0
563 43.0
564 43.0
565 43.0
566 43.0
567 43.0
568 43.0
569 43.0
570 43.0
571 43.0
572 43.0
573 43.0
574 43.0
575 43.0
576 44.0
577 44.0
578 44.0
579 44.0
580 44.0
581 44.0
582 44.0
583 44.0
584 44.0
585 44.0
586 44.0
587 44.0
588 44.0
589 44.0
590 44.0
591 44.0
592 44.0
593 44.0
594 44.0
595 44.0
596 44.0
597 44.0
598 44.0
599 44.0
600 44.0
601 44.0
602 44.0
603 44.0
604 44.0
605 44.0
606 44.0
607 44.0
608 44.0
609 44.0
610 44.0
611 44.0
612 44.0
613 44.0
614 44.0
615 44.0
616 44.0
617 44.0
618 45.0
619 45.0
620 45.0
621 45.0
622 45.0
623 45.0
624 45.0
625 45.0
626 45.0
627 45.0
628 45.0
629 45.0
630 45.0
631 45.0
632 45.0
633 45.0
634 45.0
635 45.0
636 45.0
637 45.0
638 45.0
639 45.0
640 45.0
641 45.0
642 45.0
643 45.0
644 45.0
645 45.0
646 45.0
647 45.0
648 45.0
649 45.0
650 45.0
651 45.0
652 45.0
653 45.0
654 45.0
655 45.0
656 45.0
657 45.0
658 45.0
659 45.0
660 45.0
661 45.0
662 45.0
663 45.0
664 45.0
665 45.0
666 45.0
667 45.0
668 45.0
669 45.0
670 45.0
671 45.0
672 45.0
673 45.0
674 45.0
675 45.0
676 46.0
677 46.0
678 46.0
679 46.0
680 46.0
681 46.0
682 46.0
683 46.0
684 46.0
685 46.0
686 46.0
687 46.0
688 46.0
689 46.0
690 46.0
691 46.0
692 46.0
693 46.0
694 46.0
695 46.0
696 46.0
697 46.0
698 46.0
699 46.0
700 46.0
701 46.0
702 46.0
703 46.0
704 46.0
705 46.0
706 46.0
707 46.0
708 46.0
709 46.0
710 46.0
711 46.0
712 46.0
713 46.0
714 46.0
715 46.0
716 46.0
717 46.0
718 46.0
719 46.0
720 46.0
721 46.0
722 46.0
723 46.0
724 46.0
725 46.0
726 46.0
727 46.0
728 46.0
729 47.0
730 47.0
731 47.0
732 47.0
733 47.0
734 47.0
735 47.0
736 47.0
737 47.0
738 47.0
739 47.0
740 47.0
741 47.0
742 47.0
743 47.0
744 47.0
745 47.0
746 47.0
747 47.0
748 47.0
749 47.0
750 47.0
751 47.0
752 47.0
753 47.0
754 47.0
755 47.0
756 47.0
757 47.0
758 47.0
759 47.0
760 47.0
761 47.0
762 47.0
763 47.0
764 47.0
765 48.0
766 48.0
767 48.0
768 48.0
769 48.0
770 48.0
771 48.0
772 48.0
773 48.0
774 48.0
775 48.0
776 48.0
777 48.0
778 48.0
779 48.0
780 49.0
781 49.0
782 49.0
783 49.0
784 49.0
785 49.0
786 50.0
787 50.0
788 51.0
789 51.0
790 52.0
791 52.0
792 53.0
793 54.0
794 55.0
795 56.0
796 57.0
797 58.0
798 58.0
799 59.0
800 61.0
801 62.0
802 63.0
803 64.0
804 65.0
805 66.0
806 68.0
807 69.0
808 71.0
809 73.0
810 75.0
811 77.0
812 79.0
813 82.0
814 84.0
815 86.0
816 89.0
817 92.0
818 95.0
819 98.0
820 100.0
821 102.0
822 104.0
823 105.0
824 106.0
825 107.0
826 107.0
827 108.0
828 108.0
829 109.0
830 109.0
831 109.0
832 110.0
833 110.0
834 110.0
835 110.0
836 111.0
837 111.0
838 111.0
839 111.0
840 112.0
841 112.0
842 112.0
843 112.0
844 112.0
845 113.0
846 113.0
847 113.0
848 113.0
849 113.0
850 113.0
851 114.0
852 114.0
853 114.0
854 114.0
855 114.0
856 115.0
857 115.0
858 115.0
859 115.0
860 115.0
861 115.0
862 116.0
863 116.0
864 116.0
865 116.0
866 116.0
867 117.0
868 117.0
869 117.0
870 117.0
871 118.0
872 118.0
873 118.0
874 118.0
875 119.0
876 119.0
877 119.0
878 119.0
879 120.0
880 120.0
881 120.0
882 121.0
883 121.0
884 121.0
885 122.0
886 122.0
887 122.0
888 123.0
889 123.0
890 123.0
891 123.0
892 124.0
893 124.0
894 124.0
895 125.0
896 125.0
897 126.0
898 126.0
899 126.0
900 127.0
901 127.0
902 128.0
903 128.0
904 129.0
905 130.0
906 131.0
907 133.0
908 137.0
909 140.0
910 142.0
911 143.0
912 144.0
913 145.0
914 146.0
915 147.0
916 147.0
917 148.0
918 148.0
919 149.0
920 149.0
921 149.0
922 150.0
923 150.0
924 151.0
925 151.0
926 152.0
927 152.0
928 152.0
929 153.0
930 154.0
931 154.0
932 155.0
933 155.0
934 156.0
935 156.0
936 157.0
937 157.0
938 158.0
939 159.0
940 161.0
941 163.0
942 165.0
943 169.0
944 173.0
945 178.0
946 184.0
947 190.0
948 197.0
949 203.0
950 206.0
951 209.0
952 211.0
953 213.0
954 214.0
955 216.0
956 217.0
957 218.0
958 219.0
959 220.0
960 222.0
961 223.0
962 224.0
963 226.0
964 227.0
965 229.0
966 231.0
967 233.0
968 237.0
969 242.0
970 251.0
971 261.0
972 271.0
973 282.0
974 298.0
975 311.0
976 323.0
977 334.0
978 346.0
979 363.0
980 381.0
981 418.0
982 444.0
983 483.0
984 506.0
985 547.0
986 584.0
987 599.0
988 612.0
989 640.0
990 687.0
991 751.0
992 809.0
993 899.0
994 985.0
995 1031.0
996 1089.0
997 1170.0
998 1316.0
999 1449.0
1000 1595.0
