1 16.0
2 16.0
3 16.0
4 16.0
5 16.0
6 17.0
7 17.0
8 17.0
9 17.0
10 17.0
11 17.0
12 18.0
13 18.0
14 24.0
15 25.0
16 25.0
17 25.0
18 26.0
19 26.0
20 26.0
21 26.0
22 26.0
23 26.0
24 26.0
25 27.0
26 27.0
27 27.0
28 27.0
29 28.0
30 35.0
31 37.0
32 37.0
33 37.0
34 38.0
35 38.0
36 38.0
37 38.0
38 38.0
39 38.0
40 38.0
41 39.0
42 39.0
43 39.0
44 39.0
45 39.0
46 39.0
47 39.0
48 39.0
49 40.0
50 40.0
51 40.0
52 40.0
53 40.0
54 40.0
55 40.0
56 41.0
57 41.0
58 41.0
59 41.0
60 42.0
61 42.0
62 42.0
63 43.0
64 44.0
65 55.0
66 58.0
67 59.0
68 60.0
69 61.0
70 61.0
71 62.0
72 63.0
73 64.0
74 68.0
75 71.0
76 77.0
77 79.0
78 83.0
79 89.0
80 97.0
81 131.0
82 137.0
83 149.0
84 160.0
85 178.0
86 191.0
87 227.0
88 238.0
89 249.0
90 257.0
91 263.0
92 274.0
93 297.0
94 304.0
95 314.0
96 345.0
97 355.0
98 363.0
99 369.0
100 382.0
