1 16.0
2 16.0
3 16.0
4 16.0
5 16.0
6 16.0
7 16.0
8 16.0
9 16.0
10 17.0
11 17.0
12 17.0
13 17.0
14 17.0
15 17.0
16 17.0
17 17.0
18 17.0
19 17.0
20 17.0
21 17.0
22 18.0
23 18.0
24 19.0
25 25.0
26 25.0
27 26.0
28 26.0
29 26.0
30 26.0
31 26.0
32 26.0
33 27.0
34 27.0
35 27.0
36 27.0
37 28.0
38 31.0
39 33.0
40 33.0
41 33.0
42 34.0
43 34.0
44 34.0
45 34.0
46 35.0
47 35.0
48 35.0
49 35.0
50 35.0
51 36.0
52 36.0
53 36.0
54 37.0
55 38.0
56 39.0
57 40.0
58 41.0
59 41.0
60 41.0
61 42.0
62 42.0
63 43.0
64 43.0
65 44.0
66 53.0
67 55.0
68 58.0
69 59.0
70 60.0
71 61.0
72 62.0
73 62.0
74 63.0
75 65.0
76 71.0
77 78.0
78 92.0
79 95.0
80 99.0
81 103.0
82 109.0
83 148.0
84 172.0
85 181.0
86 189.0
87 197.0
88 216.0
89 281.0
90 291.0
91 298.0
92 306.0
93 313.0
94 323.0
95 357.0
96 369.0
97 380.0
98 390.0
99 399.0
100 423.0
