1 4.0
2 4.0
3 4.0
4 5.0
5 5.0
6 5.0
7 5.0
8 5.0
9 5.0
10 5.0
11 5.0
12 5.0
13 5.0
14 5.0
15 5.0
16 5.0
17 5.0
18 5.0
19 5.0
20 5.0
21 5.0
22 5.0
23 5.0
24 5.0
25 5.0
26 5.0
27 5.0
28 5.0
29 5.0
30 5.0
31 5.0
32 5.0
33 5.0
34 5.0
35 5.0
36 5.0
37 5.0
38 5.0
39 5.0
40 5.0
41 5.0
42 5.0
43 5.0
44 5.0
45 5.0
46 5.0
47 5.0
48 5.0
49 5.0
50 5.0
51 5.0
52 5.0
53 5.0
54 5.0
55 5.0
56 5.0
57 5.0
58 5.0
59 5.0
60 5.0
61 5.0
62 5.0
63 5.0
64 5.0
65 5.0
66 5.0
67 5.0
68 5.0
69 5.0
70 5.0
71 5.0
72 5.0
73 5.0
74 5.0
75 5.0
76 5.0
77 5.0
78 5.0
79 5.0
80 5.0
81 5.0
82 5.0
83 5.0
84 5.0
85 5.0
86 5.0
87 5.0
88 5.0
89 5.0
90 5.0
91 5.0
92 5.0
93 5.0
94 5.0
95 5.0
96 5.0
97 5.0
98 5.0
99 5.0
100 5.0
101 5.0
102 5.0
103 5.0
104 5.0
105 5.0
106 5.0
107 5.0
108 5.0
109 5.0
110 5.0
111 5.0
112 5.0
113 5.0
114 5.0
115 5.0
116 5.0
117 5.0
118 5.0
119 5.0
120 5.0
121 5.0
122 5.0
123 5.0
124 5.0
125 5.0
126 5.0
127 5.0
128 5.0
129 5.0
130 5.0
131 5.0
132 5.0
133 5.0
134 5.0
135 5.0
136 5.0
137 5.0
138 5.0
139 5.0
140 5.0
141 5.0
142 5.0
143 5.0
144 5.0
145 5.0
146 5.0
147 5.0
148 5.0
149 5.0
150 5.0
151 5.0
152 5.0
153 5.0
154 5.0
155 5.0
156 5.0
157 5.0
158 5.0
159 5.0
160 5.0
161 5.0
162 5.0
163 5.0
164 5.0
165 5.0
166 5.0
167 5.0
168 5.0
169 5.0
170 5.0
171 5.0
172 5.0
173 5.0
174 5.0
175 5.0
176 5.0
177 5.0
178 5.0
179 5.0
180 5.0
181 5.0
182 5.0
183 5.0
184 5.0
185 5.0
186 5.0
187 5.0
188 5.0
189 5.0
190 5.0
191 5.0
192 5.0
193 5.0
194 5.0
195 5.0
196 5.0
197 5.0
198 5.0
199 5.0
200 5.0
201 5.0
202 5.0
203 5.0
204 5.0
205 5.0
206 5.0
207 5.0
208 5.0
209 5.0
210 5.0
211 5.0
212 5.0
213 5.0
214 5.0
215 5.0
216 5.0
217 5.0
218 5.0
219 5.0
220 5.0
221 5.0
222 5.0
223 5.0
224 5.0
225 5.0
226 5.0
227 5.0
228 5.0
229 5.0
230 5.0
231 5.0
232 5.0
233 5.0
234 5.0
235 5.0
236 5.0
237 5.0
238 5.0
239 5.0
240 5.0
241 5.0
242 5.0
243 5.0
244 5.0
245 5.0
246 5.0
247 5.0
248 5.0
249 5.0
250 6.0
251 6.0
252 6.0
253 6.0
254 6.0
255 6.0
256 6.0
257 6.0
258 6.0
259 6.0
260 6.0
261 6.0
262 6.0
263 6.0
264 6.0
265 6.0
266 6.0
267 6.0
268 6.0
269 6.0
270 6.0
271 6.0
272 6.0
273 6.0
274 6.0
275 6.0
276 6.0
277 6.0
278 6.0
279 6.0
280 6.0
281 6.0
282 6.0
283 6.0
284 6.0
285 6.0
286 6.0
287 6.0
288 6.0
289 6.0
290 6.0
291 6.0
292 6.0
293 6.0
294 6.0
295 6.0
296 6.0
297 6.0
298 6.0
299 6.0
300 6.0
301 6.0
302 6.0
303 7.0
304 7.0
305 7.0
306 7.0
307 7.0
308 7.0
309 7.0
310 7.0
311 7.0
312 7.0
313 8.0
314 8.0
315 8.0
316 8.0
317 8.0
318 9.0
319 9.0
320 9.0
321 9.0
322 9.0
323 9.0
324 9.0
325 9.0
326 9.0
327 9.0
328 9.0
329 9.0
330 9.0
331 9.0
332 9.0
333 10.0
334 10.0
335 10.0
336 10.0
337 10.0
338 10.0
339 10.0
340 10.0
341 10.0
342 10.0
343 10.0
344 10.0
345 10.0
346 10.0
347 10.0
348 11.0
349 11.0
350 11.0
351 11.0
352 11.0
353 11.0
354 11.0
355 11.0
356 11.0
357 11.0
358 11.0
359 11.0
360 11.0
361 11.0
362 11.0
363 12.0
364 12.0
365 12.0
366 12.0
367 12.0
368 12.0
369 12.0
370 13.0
371 14.0
372 14.0
373 15.0
374 15.0
375 16.0
376 17.0
377 18.0
378 20.0
379 22.0
380 24.0
381 24.0
382 24.0
383 24.0
384 25.0
385 25.0
386 25.0
387 25.0
388 25.0
389 25.0
390 25.0
391 25.0
392 25.0
393 25.0
394 25.0
395 25.0
396 25.0
397 25.0
398 25.0
399 25.0
400 25.0
401 25.0
402 26.0
403 26.0
404 26.0
405 26.0
406 26.0
407 26.0
408 26.0
409 26.0
410 26.0
411 26.0
412 26.0
413 26.0
414 26.0
415 26.0
416 26.0
417 26.0
418 26.0
419 26.0
420 26.0
421 26.0
422 26.0
423 26.0
424 26.0
425 26.0
426 26.0
427 26.0
428 26.0
429 26.0
430 26.0
431 26.0
432 26.0
433 26.0
434 26.0
435 26.0
436 26.0
437 26.0
438 26.0
439 26.0
440 26.0
441 26.0
442 26.0
443 26.0
444 26.0
445 26.0
446 26.0
447 26.0
448 26.0
449 27.0
450 27.0
451 27.0
452 27.0
453 27.0
454 27.0
455 27.0
456 27.0
457 27.0
458 27.0
459 27.0
460 27.0
461 27.0
462 27.0
463 27.0
464 27.0
465 27.0
466 27.0
467 27.0
468 27.0
469 27.0
470 27.0
471 27.0
472 27.0
473 27.0
474 27.0
475 27.0
476 27.0
477 27.0
478 27.0
479 27.0
480 27.0
481 27.0
482 27.0
483 27.0
484 27.0
485 27.0
486 27.0
487 27.0
488 27.0
489 28.0
490 28.0
491 28.0
492 28.0
493 28.0
494 28.0
495 28.0
496 28.0
497 28.0
498 28.0
499 28.0
500 28.0
501 28.0
502 28.0
503 28.0
504 28.0
505 28.0
506 28.0
507 28.0
508 29.0
509 29.0
510 29.0
511 29.0
512 29.0
513 29.0
514 29.0
515 29.0
516 30.0
517 30.0
518 30.0
519 30.0
520 30.0
521 31.0
522 31.0
523 32.0
524 33.0
525 34.0
526 35.0
527 37.0
528 38.0
529 39.0
530 39.0
531 39.0
532 40.0
533 40.0
534 40.0
535 40.0
536 40.0
537 41.0
538 41.0
539 41.0
540 41.0
541 41.0
542 41.0
543 41.0
544 42.0
545 42.0
546 42.0
547 42.0
548 42.0
549 42.0
550 42.0
551 42.0
552 42.0
553 42.0
554 42.0
555 42.0
556 43.0
557 43.0
558 43.0
559 43.0
560 43.0
561 43.0
562 43.0
563 43.0
564 43.0
565 43.0
566 43.0
567 43.0
568 43.0
569 43.0
570 43.0
571 43.0
572 43.0
573 43.0
574 43.0
575 43.0
576 43.0
577 43.0
578 43.0
579 43.0
580 44.0
581 44.0
582 44.0
583 44.0
584 44.0
585 44.0
586 44.0
587 44.0
588 44.0
589 44.0
590 44.0
591 44.0
592 44.0
593 44.0
594 44.0
595 44.0
596 44.0
597 44.0
598 44.0
599 44.0
600 44.0
601 44.0
602 44.0
603 44.0
604 44.0
605 44.0
606 44.0
607 44.0
608 44.0
609 44.0
610 44.0
611 44.0
612 44.0
613 44.0
614 44.0
615 44.0
616 44.0
617 44.0
618 44.0
619 44.0
620 44.0
621 44.0
622 44.0
623 44.0
624 44.0
625 45.0
626 45.0
627 45.0
628 45.0
629 45.0
630 45.0
631 45.0
632 45.0
633 45.0
634 45.0
635 45.0
636 45.0
637 45.0
638 45.0
639 45.0
640 45.0
641 45.0
642 45.0
643 45.0
644 45.0
645 45.0
646 45.0
647 45.0
648 45.0
649 45.0
650 45.0
651 45.0
652 45.0
653 45.0
654 45.0
655 45.0
656 45.0
657 45.0
658 45.0
659 45.0
660 45.0
661 45.0
662 45.0
663 45.0
664 45.0
665 45.0
666 45.0
667 45.0
668 45.0
669 45.0
670 45.0
671 45.0
672 45.0
673 45.0
674 45.0
675 45.0
676 45.0
677 45.0
678 45.0
679 45.0
680 45.0
681 45.0
682 45.0
683 45.0
684 45.0
685 45.0
686 45.0
687 46.0
688 46.0
689 46.0
690 46.0
691 46.0
692 46.0
693 46.0
694 46.0
695 46.0
696 46.0
697 46.0
698 46.0
699 46.0
700 46.0
701 46.0
702 46.0
703 46.0
704 46.0
705 46.0
706 46.0
707 46.0
708 46.0
709 46.0
710 46.0
711 46.0
712 46.0
713 46.0
714 46.0
715 46.0
716 46.0
717 46.0
718 46.0
719 46.0
720 46.0
721 46.0
722 46.0
723 46.0
724 46.0
725 46.0
726 46.0
727 46.0
728 46.0
729 46.0
730 46.0
731 46.0
732 46.0
733 46.0
734 46.0
735 46.0
736 46.0
737 46.0
738 46.0
739 46.0
740 46.0
741 46.0
742 46.0
743 46.0
744 46.0
745 47.0
746 47.0
747 47.0
748 47.0
749 47.0
750 47.0
751 47.0
752 47.0
753 47.0
754 47.0
755 47.0
756 47.0
757 47.0
758 47.0
759 47.0
760 47.0
761 47.0
762 47.0
763 47.0
764 47.0
765 47.0
766 47.0
767 47.0
768 47.0
769 47.0
770 47.0
771 47.0
772 47.0
773 47.0
774 47.0
775 47.0
776 47.0
777 47.0
778 47.0
779 48.0
780 48.0
781 48.0
782 48.0
783 48.0
784 48.0
785 48.0
786 48.0
787 48.0
788 48.0
789 48.0
790 48.0
791 48.0
792 48.0
793 48.0
794 48.0
795 48.0
796 49.0
797 49.0
798 49.0
799 49.0
800 49.0
801 49.0
802 49.0
803 50.0
804 50.0
805 51.0
806 52.0
807 53.0
808 54.0
809 54.0
810 55.0
811 56.0
812 57.0
813 58.0
814 59.0
815 59.0
816 60.0
817 61.0
818 62.0
819 63.0
820 64.0
821 65.0
822 65.0
823 66.0
824 67.0
825 69.0
826 70.0
827 71.0
828 73.0
829 75.0
830 77.0
831 79.0
832 81.0
833 83.0
834 86.0
835 88.0
836 90.0
837 92.0
838 95.0
839 97.0
840 100.0
841 103.0
842 105.0
843 107.0
844 108.0
845 108.0
846 109.0
847 110.0
848 110.0
849 110.0
850 111.0
851 111.0
852 111.0
853 112.0
854 112.0
855 112.0
856 113.0
857 113.0
858 113.0
859 113.0
860 114.0
861 114.0
862 114.0
863 115.0
864 115.0
865 115.0
866 115.0
867 116.0
868 116.0
869 116.0
870 117.0
871 117.0
872 117.0
873 117.0
874 118.0
875 118.0
876 118.0
877 119.0
878 119.0
879 119.0
880 120.0
881 120.0
882 121.0
883 121.0
884 121.0
885 122.0
886 122.0
887 122.0
888 123.0
889 123.0
890 123.0
891 124.0
892 124.0
893 125.0
894 125.0
895 125.0
896 126.0
897 126.0
898 127.0
899 127.0
900 127.0
901 128.0
902 129.0
903 129.0
904 130.0
905 131.0
906 133.0
907 135.0
908 139.0
909 141.0
910 143.0
911 144.0
912 145.0
913 146.0
914 147.0
915 148.0
916 148.0
917 149.0
918 149.0
919 150.0
920 150.0
921 151.0
922 152.0
923 152.0
924 152.0
925 153.0
926 154.0
927 154.0
928 155.0
929 155.0
930 156.0
931 157.0
932 157.0
933 158.0
934 160.0
935 161.0
936 164.0
937 167.0
938 171.0
939 176.0
940 182.0
941 189.0
942 193.0
943 198.0
944 203.0
945 207.0
946 209.0
947 212.0
948 215.0
949 216.0
950 219.0
951 221.0
952 222.0
953 224.0
954 227.0
955 230.0
956 234.0
957 240.0
958 245.0
959 254.0
960 265.0
961 276.0
962 286.0
963 293.0
964 303.0
965 313.0
966 321.0
967 334.0
968 344.0
969 355.0
970 368.0
971 381.0
972 397.0
973 413.0
974 430.0
975 445.0
976 464.0
977 491.0
978 510.0
979 532.0
980 556.0
981 572.0
982 589.0
983 606.0
984 631.0
985 656.0
986 670.0
987 689.0
988 711.0
989 747.0
990 785.0
991 822.0
992 877.0
993 920.0
994 975.0
995 1009.0
996 1054.0
997 1105.0
998 1144.0
999 1211.0
1000 1288.0
