1 30.0
2 30.0
3 30.0
4 30.0
5 30.0
6 31.0
7 31.0
8 31.0
9 31.0
10 31.0
11 31.0
12 31.0
13 31.0
14 31.0
15 31.0
16 31.0
17 31.0
18 31.0
19 31.0
20 32.0
21 32.0
22 32.0
23 32.0
24 32.0
25 32.0
26 32.0
27 32.0
28 32.0
29 32.0
30 32.0
31 32.0
32 32.0
33 32.0
34 32.0
35 32.0
36 32.0
37 32.0
38 33.0
39 33.0
40 33.0
41 33.0
42 33.0
43 33.0
44 33.0
45 33.0
46 33.0
47 33.0
48 33.0
49 33.0
50 33.0
51 34.0
52 34.0
53 34.0
54 34.0
55 34.0
56 34.0
57 34.0
58 34.0
59 34.0
60 35.0
61 35.0
62 35.0
63 35.0
64 35.0
65 35.0
66 36.0
67 36.0
68 36.0
69 36.0
70 37.0
71 37.0
72 37.0
73 38.0
74 38.0
75 39.0
76 39.0
77 39.0
78 40.0
79 40.0
80 41.0
81 41.0
82 41.0
83 42.0
84 42.0
85 42.0
86 43.0
87 43.0
88 43.0
89 43.0
90 44.0
91 44.0
92 44.0
93 44.0
94 44.0
95 44.0
96 45.0
97 45.0
98 45.0
99 45.0
100 45.0
101 45.0
102 45.0
103 46.0
104 46.0
105 46.0
106 46.0
107 46.0
108 46.0
109 46.0
110 46.0
111 47.0
112 47.0
113 47.0
114 47.0
115 47.0
116 47.0
117 47.0
118 47.0
119 47.0
120 47.0
121 47.0
122 47.0
123 47.0
124 48.0
125 48.0
126 48.0
127 48.0
128 48.0
129 48.0
130 48.0
131 48.0
132 48.0
133 48.0
134 48.0
135 48.0
136 48.0
137 48.0
138 48.0
139 48.0
140 48.0
141 48.0
142 48.0
143 48.0
144 48.0
145 48.0
146 48.0
147 48.0
148 48.0
149 48.0
150 49.0
151 49.0
152 49.0
153 49.0
154 49.0
155 49.0
156 49.0
157 49.0
158 49.0
159 49.0
160 49.0
161 49.0
162 49.0
163 49.0
164 49.0
165 49.0
166 49.0
167 49.0
168 49.0
169 49.0
170 49.0
171 49.0
172 49.0
173 49.0
174 49.0
175 49.0
176 49.0
177 49.0
178 49.0
179 49.0
180 49.0
181 49.0
182 49.0
183 49.0
184 49.0
185 49.0
186 49.0
187 49.0
188 49.0
189 49.0
190 49.0
191 49.0
192 49.0
193 49.0
194 49.0
195 49.0
196 49.0
197 49.0
198 49.0
199 49.0
200 50.0
201 50.0
202 50.0
203 50.0
204 50.0
205 50.0
206 50.0
207 50.0
208 50.0
209 50.0
210 50.0
211 50.0
212 50.0
213 50.0
214 50.0
215 50.0
216 50.0
217 50.0
218 50.0
219 50.0
220 50.0
221 50.0
222 50.0
223 50.0
224 50.0
225 50.0
226 50.0
227 50.0
228 50.0
229 50.0
230 50.0
231 50.0
232 50.0
233 50.0
234 50.0
235 50.0
236 50.0
237 50.0
238 50.0
239 50.0
240 50.0
241 50.0
242 50.0
243 50.0
244 50.0
245 50.0
246 50.0
247 50.0
248 50.0
249 50.0
250 50.0
251 50.0
252 50.0
253 50.0
254 50.0
255 50.0
256 50.0
257 50.0
258 50.0
259 50.0
260 50.0
261 50.0
262 50.0
263 50.0
264 50.0
265 50.0
266 50.0
267 50.0
268 51.0
269 51.0
270 51.0
271 51.0
272 51.0
273 51.0
274 51.0
275 51.0
276 51.0
277 51.0
278 51.0
279 51.0
280 51.0
281 51.0
282 51.0
283 51.0
284 51.0
285 51.0
286 51.0
287 51.0
288 51.0
289 51.0
290 51.0
291 51.0
292 51.0
293 51.0
294 51.0
295 51.0
296 51.0
297 51.0
298 51.0
299 51.0
300 51.0
301 51.0
302 51.0
303 51.0
304 51.0
305 51.0
306 51.0
307 51.0
308 51.0
309 51.0
310 51.0
311 51.0
312 51.0
313 51.0
314 51.0
315 51.0
316 51.0
317 51.0
318 51.0
319 51.0
320 51.0
321 51.0
322 51.0
323 51.0
324 51.0
325 51.0
326 51.0
327 51.0
328 51.0
329 51.0
330 51.0
331 51.0
332 51.0
333 51.0
334 51.0
335 51.0
336 51.0
337 51.0
338 52.0
339 52.0
340 52.0
341 52.0
342 52.0
343 52.0
344 52.0
345 52.0
346 52.0
347 52.0
348 52.0
349 52.0
350 52.0
351 52.0
352 52.0
353 52.0
354 52.0
355 52.0
356 52.0
357 52.0
358 52.0
359 52.0
360 52.0
361 52.0
362 52.0
363 52.0
364 52.0
365 52.0
366 52.0
367 52.0
368 52.0
369 52.0
370 52.0
371 52.0
372 52.0
373 52.0
374 52.0
375 52.0
376 52.0
377 52.0
378 52.0
379 52.0
380 52.0
381 52.0
382 52.0
383 52.0
384 52.0
385 52.0
386 52.0
387 52.0
388 52.0
389 52.0
390 52.0
391 52.0
392 52.0
393 52.0
394 52.0
395 53.0
396 53.0
397 53.0
398 53.0
399 53.0
400 53.0
401 53.0
402 53.0
403 53.0
404 53.0
405 53.0
406 53.0
407 53.0
408 53.0
409 53.0
410 53.0
411 53.0
412 53.0
413 53.0
414 53.0
415 53.0
416 53.0
417 53.0
418 53.0
419 53.0
420 53.0
421 53.0
422 53.0
423 53.0
424 53.0
425 53.0
426 53.0
427 53.0
428 53.0
429 53.0
430 53.0
431 53.0
432 54.0
433 54.0
434 54.0
435 54.0
436 54.0
437 54.0
438 54.0
439 54.0
440 54.0
441 54.0
442 54.0
443 54.0
444 54.0
445 54.0
446 54.0
447 54.0
448 54.0
449 54.0
450 54.0
451 54.0
452 54.0
453 54.0
454 54.0
455 54.0
456 55.0
457 55.0
458 55.0
459 55.0
460 55.0
461 55.0
462 55.0
463 55.0
464 55.0
465 55.0
466 55.0
467 55.0
468 55.0
469 55.0
470 55.0
471 55.0
472 56.0
473 56.0
474 56.0
475 56.0
476 56.0
477 56.0
478 56.0
479 56.0
480 56.0
481 56.0
482 56.0
483 56.0
484 56.0
485 57.0
486 57.0
487 57.0
488 57.0
489 57.0
490 57.0
491 57.0
492 57.0
493 57.0
494 57.0
495 57.0
496 58.0
497 58.0
498 58.0
499 58.0
500 58.0
501 58.0
502 58.0
503 58.0
504 58.0
505 58.0
506 59.0
507 59.0
508 59.0
509 59.0
510 59.0
511 59.0
512 59.0
513 59.0
514 59.0
515 59.0
516 59.0
517 60.0
518 60.0
519 60.0
520 60.0
521 60.0
522 60.0
523 60.0
524 60.0
525 60.0
526 61.0
527 61.0
528 61.0
529 61.0
530 61.0
531 61.0
532 61.0
533 61.0
534 62.0
535 62.0
536 62.0
537 62.0
538 62.0
539 62.0
540 62.0
541 63.0
542 63.0
543 63.0
544 63.0
545 63.0
546 63.0
547 63.0
548 64.0
549 64.0
550 64.0
551 64.0
552 64.0
553 64.0
554 64.0
555 65.0
556 65.0
557 65.0
558 65.0
559 65.0
560 65.0
561 66.0
562 66.0
563 66.0
564 66.0
565 66.0
566 67.0
567 67.0
568 67.0
569 67.0
570 67.0
571 68.0
572 68.0
573 68.0
574 68.0
575 68.0
576 68.0
577 69.0
578 69.0
579 69.0
580 69.0
581 69.0
582 70.0
583 70.0
584 70.0
585 70.0
586 70.0
587 71.0
588 71.0
589 71.0
590 71.0
591 71.0
592 72.0
593 72.0
594 72.0
595 72.0
596 73.0
597 73.0
598 73.0
599 73.0
600 73.0
601 74.0
602 74.0
603 74.0
604 75.0
605 75.0
606 75.0
607 75.0
608 76.0
609 76.0
610 76.0
611 76.0
612 77.0
613 77.0
614 77.0
615 78.0
616 78.0
617 79.0
618 79.0
619 79.0
620 80.0
621 80.0
622 80.0
623 81.0
624 81.0
625 81.0
626 82.0
627 82.0
628 83.0
629 83.0
630 84.0
631 84.0
632 85.0
633 85.0
634 86.0
635 86.0
636 87.0
637 88.0
638 88.0
639 89.0
640 90.0
641 91.0
642 92.0
643 93.0
644 94.0
645 95.0
646 96.0
647 97.0
648 98.0
649 99.0
650 100.0
651 101.0
652 102.0
653 103.0
654 105.0
655 106.0
656 106.0
657 107.0
658 108.0
659 109.0
660 110.0
661 110.0
662 111.0
663 111.0
664 112.0
665 112.0
666 112.0
667 112.0
668 113.0
669 113.0
670 113.0
671 113.0
672 114.0
673 114.0
674 114.0
675 114.0
676 114.0
677 115.0
678 115.0
679 115.0
680 115.0
681 115.0
682 116.0
683 116.0
684 116.0
685 116.0
686 116.0
687 116.0
688 117.0
689 117.0
690 117.0
691 117.0
692 117.0
693 117.0
694 117.0
695 118.0
696 118.0
697 118.0
698 118.0
699 118.0
700 118.0
701 118.0
702 118.0
703 119.0
704 119.0
705 119.0
706 119.0
707 119.0
708 119.0
709 119.0
710 120.0
711 120.0
712 120.0
713 120.0
714 120.0
715 120.0
716 120.0
717 120.0
718 121.0
719 121.0
720 121.0
721 121.0
722 121.0
723 121.0
724 121.0
725 122.0
726 122.0
727 122.0
728 122.0
729 122.0
730 123.0
731 123.0
732 123.0
733 123.0
734 124.0
735 124.0
736 124.0
737 124.0
738 125.0
739 125.0
740 125.0
741 125.0
742 126.0
743 126.0
744 126.0
745 127.0
746 127.0
747 128.0
748 128.0
749 129.0
750 129.0
751 130.0
752 130.0
753 131.0
754 131.0
755 132.0
756 133.0
757 133.0
758 134.0
759 135.0
760 135.0
761 136.0
762 137.0
763 138.0
764 138.0
765 140.0
766 141.0
767 142.0
768 143.0
769 144.0
770 145.0
771 146.0
772 147.0
773 148.0
774 148.0
775 149.0
776 150.0
777 150.0
778 151.0
779 151.0
780 152.0
781 152.0
782 153.0
783 153.0
784 153.0
785 154.0
786 154.0
787 155.0
788 155.0
789 155.0
790 156.0
791 156.0
792 156.0
793 157.0
794 157.0
795 157.0
796 158.0
797 158.0
798 158.0
799 159.0
800 159.0
801 159.0
802 160.0
803 160.0
804 160.0
805 161.0
806 161.0
807 161.0
808 162.0
809 162.0
810 162.0
811 162.0
812 163.0
813 163.0
814 164.0
815 164.0
816 164.0
817 165.0
818 165.0
819 165.0
820 165.0
821 166.0
822 166.0
823 166.0
824 167.0
825 167.0
826 167.0
827 167.0
828 168.0
829 168.0
830 168.0
831 169.0
832 169.0
833 169.0
834 170.0
835 170.0
836 171.0
837 171.0
838 171.0
839 172.0
840 172.0
841 173.0
842 173.0
843 174.0
844 174.0
845 175.0
846 175.0
847 176.0
848 178.0
849 178.0
850 180.0
851 181.0
852 183.0
853 184.0
854 186.0
855 187.0
856 189.0
857 191.0
858 193.0
859 195.0
860 197.0
861 199.0
862 201.0
863 203.0
864 205.0
865 207.0
866 209.0
867 211.0
868 213.0
869 215.0
870 216.0
871 217.0
872 218.0
873 220.0
874 221.0
875 222.0
876 224.0
877 225.0
878 227.0
879 228.0
880 229.0
881 231.0
882 232.0
883 234.0
884 236.0
885 237.0
886 239.0
887 241.0
888 243.0
889 244.0
890 247.0
891 250.0
892 252.0
893 254.0
894 257.0
895 258.0
896 261.0
897 263.0
898 265.0
899 267.0
900 269.0
901 272.0
902 275.0
903 278.0
904 280.0
905 284.0
906 288.0
907 292.0
908 295.0
909 299.0
910 304.0
911 308.0
912 313.0
913 316.0
914 320.0
915 326.0
916 331.0
917 337.0
918 343.0
919 348.0
920 355.0
921 361.0
922 368.0
923 374.0
924 381.0
925 389.0
926 397.0
927 406.0
928 415.0
929 421.0
930 431.0
931 439.0
932 450.0
933 465.0
934 475.0
935 488.0
936 498.0
937 506.0
938 512.0
939 520.0
940 531.0
941 541.0
942 550.0
943 558.0
944 566.0
945 575.0
946 582.0
947 590.0
948 598.0
949 606.0
950 613.0
951 621.0
952 629.0
953 637.0
954 650.0
955 657.0
956 665.0
957 678.0
958 689.0
959 707.0
960 720.0
961 743.0
962 759.0
963 779.0
964 791.0
965 803.0
966 823.0
967 835.0
968 858.0
969 879.0
970 899.0
971 922.0
972 951.0
973 983.0
974 1008.0
975 1037.0
976 1064.0
977 1093.0
978 1124.0
979 1150.0
980 1177.0
981 1206.0
982 1232.0
983 1271.0
984 1307.0
985 1344.0
986 1384.0
987 1423.0
988 1465.0
989 1508.0
990 1580.0
991 1625.0
992 1682.0
993 1755.0
994 1880.0
995 1989.0
996 2097.0
997 2222.0
998 2326.0
999 2521.0
1000 2613.0
