1 5.0
2 6.0
3 6.0
4 6.0
5 6.0
6 6.0
7 6.0
8 6.0
9 6.0
10 6.0
11 6.0
12 6.0
13 6.0
14 6.0
15 6.0
16 6.0
17 6.0
18 6.0
19 6.0
20 6.0
21 6.0
22 6.0
23 6.0
24 6.0
25 6.0
26 6.0
27 6.0
28 6.0
29 6.0
30 6.0
31 6.0
32 6.0
33 6.0
34 6.0
35 6.0
36 6.0
37 6.0
38 6.0
39 6.0
40 6.0
41 6.0
42 6.0
43 6.0
44 6.0
45 6.0
46 6.0
47 6.0
48 6.0
49 6.0
50 6.0
51 6.0
52 6.0
53 6.0
54 6.0
55 6.0
56 6.0
57 6.0
58 6.0
59 6.0
60 6.0
61 6.0
62 6.0
63 6.0
64 6.0
65 6.0
66 6.0
67 6.0
68 6.0
69 6.0
70 6.0
71 6.0
72 6.0
73 6.0
74 6.0
75 6.0
76 6.0
77 6.0
78 6.0
79 6.0
80 6.0
81 6.0
82 6.0
83 6.0
84 6.0
85 6.0
86 6.0
87 6.0
88 6.0
89 6.0
90 6.0
91 6.0
92 6.0
93 6.0
94 6.0
95 6.0
96 6.0
97 6.0
98 6.0
99 6.0
100 6.0
101 6.0
102 6.0
103 6.0
104 6.0
105 6.0
106 6.0
107 6.0
108 6.0
109 6.0
110 6.0
111 6.0
112 6.0
113 6.0
114 6.0
115 6.0
116 6.0
117 6.0
118 6.0
119 6.0
120 6.0
121 6.0
122 6.0
123 6.0
124 6.0
125 7.0
126 7.0
127 7.0
128 7.0
129 7.0
130 7.0
131 7.0
132 7.0
133 7.0
134 7.0
135 7.0
136 7.0
137 7.0
138 7.0
139 7.0
140 7.0
141 7.0
142 7.0
143 7.0
144 7.0
145 7.0
146 7.0
147 7.0
148 7.0
149 7.0
150 8.0
151 8.0
152 8.0
153 8.0
154 8.0
155 8.0
156 8.0
157 8.0
158 8.0
159 8.0
160 8.0
161 8.0
162 8.0
163 8.0
164 8.0
165 8.0
166 8.0
167 8.0
168 8.0
169 8.0
170 8.0
171 8.0
172 8.0
173 8.0
174 8.0
175 8.0
176 8.0
177 8.0
178 8.0
179 8.0
180 8.0
181 8.0
182 8.0
183 8.0
184 8.0
185 8.0
186 8.0
187 8.0
188 8.0
189 8.0
190 8.0
191 8.0
192 8.0
193 8.0
194 8.0
195 8.0
196 8.0
197 8.0
198 8.0
199 8.0
200 8.0
201 8.0
202 8.0
203 8.0
204 8.0
205 8.0
206 8.0
207 8.0
208 8.0
209 8.0
210 8.0
211 8.0
212 8.0
213 8.0
214 8.0
215 8.0
216 8.0
217 8.0
218 8.0
219 8.0
220 8.0
221 8.0
222 8.0
223 8.0
224 8.0
225 8.0
226 8.0
227 8.0
228 8.0
229 8.0
230 8.0
231 8.0
232 8.0
233 8.0
234 8.0
235 8.0
236 8.0
237 8.0
238 8.0
239 8.0
240 8.0
241 8.0
242 8.0
243 8.0
244 8.0
245 8.0
246 8.0
247 8.0
248 8.0
249 8.0
250 8.0
251 8.0
252 9.0
253 9.0
254 9.0
255 9.0
256 9.0
257 9.0
258 9.0
259 9.0
260 9.0
261 9.0
262 9.0
263 9.0
264 9.0
265 9.0
266 9.0
267 9.0
268 9.0
269 9.0
270 9.0
271 9.0
272 9.0
273 9.0
274 9.0
275 9.0
276 9.0
277 9.0
278 9.0
279 9.0
280 9.0
281 9.0
282 9.0
283 9.0
284 9.0
285 9.0
286 9.0
287 9.0
288 9.0
289 9.0
290 9.0
291 9.0
292 9.0
293 9.0
294 9.0
295 9.0
296 9.0
297 9.0
298 9.0
299 9.0
300 9.0
301 9.0
302 9.0
303 9.0
304 9.0
305 9.0
306 9.0
307 9.0
308 9.0
309 9.0
310 9.0
311 9.0
312 9.0
313 9.0
314 9.0
315 9.0
316 9.0
317 9.0
318 9.0
319 9.0
320 9.0
321 9.0
322 9.0
323 9.0
324 9.0
325 9.0
326 9.0
327 9.0
328 9.0
329 9.0
330 9.0
331 9.0
332 9.0
333 9.0
334 9.0
335 9.0
336 9.0
337 9.0
338 9.0
339 9.0
340 9.0
341 9.0
342 9.0
343 9.0
344 9.0
345 9.0
346 9.0
347 9.0
348 9.0
349 9.0
350 9.0
351 9.0
352 9.0
353 9.0
354 9.0
355 9.0
356 9.0
357 9.0
358 9.0
359 9.0
360 9.0
361 9.0
362 9.0
363 9.0
364 9.0
365 9.0
366 9.0
367 9.0
368 9.0
369 9.0
370 9.0
371 9.0
372 9.0
373 9.0
374 9.0
375 9.0
376 9.0
377 9.0
378 9.0
379 9.0
380 9.0
381 9.0
382 9.0
383 9.0
384 9.0
385 9.0
386 9.0
387 9.0
388 9.0
389 9.0
390 9.0
391 9.0
392 9.0
393 9.0
394 9.0
395 9.0
396 9.0
397 9.0
398 9.0
399 9.0
400 9.0
401 9.0
402 9.0
403 9.0
404 9.0
405 9.0
406 9.0
407 9.0
408 9.0
409 9.0
410 9.0
411 9.0
412 9.0
413 9.0
414 9.0
415 9.0
416 9.0
417 9.0
418 9.0
419 9.0
420 9.0
421 9.0
422 9.0
423 9.0
424 9.0
425 9.0
426 9.0
427 9.0
428 9.0
429 9.0
430 9.0
431 9.0
432 10.0
433 10.0
434 10.0
435 10.0
436 10.0
437 10.0
438 10.0
439 10.0
440 10.0
441 10.0
442 10.0
443 10.0
444 10.0
445 10.0
446 10.0
447 10.0
448 10.0
449 10.0
450 10.0
451 10.0
452 10.0
453 11.0
454 12.0
455 22.0
456 25.0
457 26.0
458 27.0
459 36.0
460 36.0
461 37.0
462 37.0
463 37.0
464 37.0
465 37.0
466 37.0
467 37.0
468 37.0
469 38.0
470 38.0
471 38.0
472 38.0
473 38.0
474 38.0
475 38.0
476 38.0
477 38.0
478 38.0
479 38.0
480 38.0
481 38.0
482 38.0
483 38.0
484 38.0
485 38.0
486 38.0
487 38.0
488 38.0
489 38.0
490 38.0
491 38.0
492 38.0
493 39.0
494 39.0
495 39.0
496 39.0
497 39.0
498 39.0
499 39.0
500 39.0
501 39.0
502 39.0
503 39.0
504 39.0
505 39.0
506 39.0
507 39.0
508 39.0
509 39.0
510 39.0
511 39.0
512 39.0
513 39.0
514 39.0
515 39.0
516 39.0
517 39.0
518 39.0
519 39.0
520 39.0
521 39.0
522 39.0
523 39.0
524 39.0
525 39.0
526 39.0
527 39.0
528 39.0
529 39.0
530 39.0
531 39.0
532 39.0
533 39.0
534 39.0
535 39.0
536 40.0
537 40.0
538 40.0
539 40.0
540 40.0
541 40.0
542 40.0
543 40.0
544 40.0
545 40.0
546 40.0
547 40.0
548 40.0
549 40.0
550 40.0
551 40.0
552 40.0
553 40.0
554 40.0
555 40.0
556 40.0
557 40.0
558 40.0
559 40.0
560 40.0
561 40.0
562 40.0
563 40.0
564 40.0
565 40.0
566 40.0
567 40.0
568 40.0
569 40.0
570 40.0
571 40.0
572 40.0
573 40.0
574 40.0
575 40.0
576 40.0
577 40.0
578 40.0
579 40.0
580 40.0
581 40.0
582 41.0
583 41.0
584 41.0
585 41.0
586 41.0
587 41.0
588 41.0
589 41.0
590 41.0
591 41.0
592 41.0
593 41.0
594 41.0
595 41.0
596 41.0
597 41.0
598 41.0
599 41.0
600 41.0
601 41.0
602 41.0
603 41.0
604 41.0
605 41.0
606 41.0
607 41.0
608 41.0
609 41.0
610 41.0
611 41.0
612 41.0
613 41.0
614 42.0
615 42.0
616 42.0
617 42.0
618 42.0
619 42.0
620 42.0
621 42.0
622 42.0
623 42.0
624 42.0
625 42.0
626 42.0
627 42.0
628 42.0
629 42.0
630 42.0
631 42.0
632 43.0
633 43.0
634 43.0
635 43.0
636 43.0
637 43.0
638 43.0
639 43.0
640 43.0
641 43.0
642 43.0
643 43.0
644 43.0
645 43.0
646 43.0
647 43.0
648 43.0
649 44.0
650 44.0
651 44.0
652 44.0
653 44.0
654 44.0
655 44.0
656 44.0
657 44.0
658 44.0
659 44.0
660 44.0
661 44.0
662 44.0
663 44.0
664 44.0
665 44.0
666 44.0
667 44.0
668 44.0
669 44.0
670 44.0
671 44.0
672 44.0
673 44.0
674 44.0
675 44.0
676 44.0
677 45.0
678 45.0
679 45.0
680 45.0
681 45.0
682 45.0
683 45.0
684 45.0
685 45.0
686 45.0
687 45.0
688 45.0
689 45.0
690 45.0
691 45.0
692 45.0
693 45.0
694 45.0
695 45.0
696 45.0
697 45.0
698 45.0
699 45.0
700 45.0
701 45.0
702 45.0
703 45.0
704 45.0
705 45.0
706 45.0
707 45.0
708 45.0
709 45.0
710 45.0
711 45.0
712 45.0
713 46.0
714 46.0
715 46.0
716 46.0
717 46.0
718 46.0
719 46.0
720 46.0
721 46.0
722 46.0
723 46.0
724 46.0
725 46.0
726 46.0
727 46.0
728 46.0
729 46.0
730 46.0
731 46.0
732 46.0
733 46.0
734 46.0
735 46.0
736 46.0
737 46.0
738 46.0
739 46.0
740 46.0
741 46.0
742 46.0
743 46.0
744 46.0
745 46.0
746 46.0
747 47.0
748 47.0
749 47.0
750 47.0
751 47.0
752 47.0
753 47.0
754 47.0
755 47.0
756 47.0
757 47.0
758 47.0
759 47.0
760 47.0
761 47.0
762 47.0
763 47.0
764 47.0
765 47.0
766 47.0
767 47.0
768 48.0
769 48.0
770 48.0
771 48.0
772 48.0
773 48.0
774 48.0
775 48.0
776 48.0
777 48.0
778 49.0
779 49.0
780 49.0
781 51.0
782 62.0
783 64.0
784 67.0
785 109.0
786 111.0
787 112.0
788 113.0
789 114.0
790 114.0
791 115.0
792 115.0
793 116.0
794 116.0
795 117.0
796 117.0
797 118.0
798 118.0
799 119.0
800 120.0
801 120.0
802 122.0
803 123.0
804 137.0
805 139.0
806 140.0
807 141.0
808 142.0
809 142.0
810 143.0
811 143.0
812 144.0
813 144.0
814 144.0
815 145.0
816 145.0
817 145.0
818 146.0
819 146.0
820 146.0
821 146.0
822 147.0
823 147.0
824 147.0
825 147.0
826 148.0
827 148.0
828 148.0
829 148.0
830 148.0
831 149.0
832 149.0
833 149.0
834 149.0
835 149.0
836 150.0
837 150.0
838 150.0
839 150.0
840 150.0
841 151.0
842 151.0
843 151.0
844 151.0
845 152.0
846 152.0
847 152.0
848 152.0
849 152.0
850 153.0
851 153.0
852 153.0
853 153.0
854 154.0
855 154.0
856 154.0
857 154.0
858 154.0
859 155.0
860 155.0
861 155.0
862 155.0
863 155.0
864 156.0
865 156.0
866 156.0
867 156.0
868 156.0
869 157.0
870 157.0
871 157.0
872 157.0
873 157.0
874 158.0
875 158.0
876 158.0
877 158.0
878 158.0
879 159.0
880 159.0
881 159.0
882 159.0
883 160.0
884 160.0
885 160.0
886 161.0
887 161.0
888 161.0
889 162.0
890 162.0
891 162.0
892 163.0
893 163.0
894 164.0
895 165.0
896 166.0
897 168.0
898 214.0
899 217.0
900 219.0
901 221.0
902 222.0
903 223.0
904 224.0
905 225.0
906 226.0
907 227.0
908 228.0
909 228.0
910 229.0
911 230.0
912 230.0
913 231.0
914 232.0
915 232.0
916 233.0
917 234.0
918 234.0
919 235.0
920 236.0
921 237.0
922 237.0
923 238.0
924 239.0
925 241.0
926 242.0
927 243.0
928 245.0
929 247.0
930 249.0
931 250.0
932 251.0
933 253.0
934 253.0
935 254.0
936 255.0
937 256.0
938 256.0
939 257.0
940 258.0
941 258.0
942 259.0
943 259.0
944 260.0
945 260.0
946 261.0
947 261.0
948 261.0
949 262.0
950 262.0
951 263.0
952 263.0
953 263.0
954 264.0
955 264.0
956 265.0
957 265.0
958 265.0
959 266.0
960 266.0
961 267.0
962 267.0
963 268.0
964 268.0
965 268.0
966 269.0
967 269.0
968 270.0
969 270.0
970 271.0
971 271.0
972 272.0
973 273.0
974 273.0
975 274.0
976 275.0
977 275.0
978 276.0
979 277.0
980 278.0
981 280.0
982 281.0
983 283.0
984 286.0
985 289.0
986 292.0
987 294.0
988 296.0
989 297.0
990 299.0
991 300.0
992 301.0
993 303.0
994 304.0
995 305.0
996 306.0
997 307.0
998 309.0
999 310.0
1000 312.0
