1 4.0
2 4.0
3 4.0
4 4.0
5 4.0
6 4.0
7 4.0
8 4.0
9 4.0
10 4.0
11 4.0
12 4.0
13 4.0
14 4.0
15 4.0
16 4.0
17 4.0
18 4.0
19 4.0
20 4.0
21 4.0
22 4.0
23 4.0
24 4.0
25 4.0
26 4.0
27 4.0
28 4.0
29 4.0
30 4.0
31 4.0
32 4.0
33 4.0
34 4.0
35 4.0
36 4.0
37 4.0
38 4.0
39 4.0
40 4.0
41 4.0
42 4.0
43 4.0
44 4.0
45 4.0
46 4.0
47 4.0
48 4.0
49 4.0
50 4.0
51 4.0
52 4.0
53 4.0
54 4.0
55 4.0
56 4.0
57 4.0
58 4.0
59 4.0
60 4.0
61 4.0
62 4.0
63 4.0
64 4.0
65 4.0
66 4.0
67 4.0
68 4.0
69 4.0
70 4.0
71 4.0
72 4.0
73 4.0
74 4.0
75 4.0
76 4.0
77 4.0
78 4.0
79 4.0
80 4.0
81 5.0
82 5.0
83 5.0
84 5.0
85 5.0
86 5.0
87 5.0
88 5.0
89 5.0
90 5.0
91 5.0
92 5.0
93 5.0
94 5.0
95 5.0
96 5.0
97 5.0
98 5.0
99 5.0
100 5.0
101 5.0
102 5.0
103 5.0
104 5.0
105 5.0
106 5.0
107 5.0
108 5.0
109 5.0
110 5.0
111 5.0
112 5.0
113 5.0
114 5.0
115 5.0
116 5.0
117 5.0
118 5.0
119 5.0
120 5.0
121 5.0
122 5.0
123 5.0
124 5.0
125 5.0
126 5.0
127 5.0
128 5.0
129 5.0
130 5.0
131 5.0
132 5.0
133 5.0
134 5.0
135 5.0
136 5.0
137 5.0
138 5.0
139 5.0
140 5.0
141 5.0
142 5.0
143 5.0
144 5.0
145 5.0
146 5.0
147 5.0
148 5.0
149 5.0
150 5.0
151 5.0
152 5.0
153 5.0
154 5.0
155 5.0
156 6.0
157 6.0
158 8.0
159 12.0
160 12.0
161 12.0
162 12.0
163 12.0
164 12.0
165 12.0
166 12.0
167 12.0
168 12.0
169 12.0
170 12.0
171 12.0
172 12.0
173 12.0
174 12.0
175 12.0
176 12.0
177 12.0
178 12.0
179 12.0
180 12.0
181 13.0
182 13.0
183 13.0
184 13.0
185 13.0
186 13.0
187 13.0
188 13.0
189 13.0
190 13.0
191 13.0
192 13.0
193 13.0
194 13.0
195 13.0
196 13.0
197 13.0
198 13.0
199 13.0
200 13.0
201 13.0
202 13.0
203 13.0
204 13.0
205 13.0
206 13.0
207 13.0
208 13.0
209 13.0
210 13.0
211 13.0
212 13.0
213 13.0
214 13.0
215 13.0
216 13.0
217 13.0
218 13.0
219 13.0
220 13.0
221 13.0
222 13.0
223 13.0
224 13.0
225 13.0
226 13.0
227 13.0
228 13.0
229 13.0
230 13.0
231 13.0
232 13.0
233 13.0
234 13.0
235 13.0
236 13.0
237 13.0
238 13.0
239 13.0
240 13.0
241 13.0
242 13.0
243 13.0
244 13.0
245 13.0
246 13.0
247 13.0
248 13.0
249 13.0
250 13.0
251 13.0
252 13.0
253 13.0
254 13.0
255 13.0
256 13.0
257 13.0
258 13.0
259 13.0
260 13.0
261 13.0
262 13.0
263 13.0
264 13.0
265 13.0
266 13.0
267 13.0
268 13.0
269 13.0
270 13.0
271 13.0
272 13.0
273 13.0
274 13.0
275 13.0
276 13.0
277 13.0
278 13.0
279 13.0
280 13.0
281 13.0
282 13.0
283 13.0
284 13.0
285 13.0
286 13.0
287 13.0
288 13.0
289 13.0
290 13.0
291 14.0
292 14.0
293 14.0
294 14.0
295 14.0
296 14.0
297 14.0
298 14.0
299 14.0
300 14.0
301 14.0
302 14.0
303 14.0
304 14.0
305 14.0
306 14.0
307 14.0
308 14.0
309 14.0
310 14.0
311 14.0
312 14.0
313 14.0
314 14.0
315 14.0
316 14.0
317 14.0
318 14.0
319 14.0
320 14.0
321 14.0
322 14.0
323 14.0
324 14.0
325 14.0
326 14.0
327 14.0
328 14.0
329 14.0
330 14.0
331 14.0
332 14.0
333 14.0
334 14.0
335 14.0
336 14.0
337 14.0
338 14.0
339 14.0
340 14.0
341 14.0
342 14.0
343 14.0
344 14.0
345 14.0
346 14.0
347 14.0
348 14.0
349 14.0
350 14.0
351 14.0
352 14.0
353 14.0
354 14.0
355 14.0
356 14.0
357 14.0
358 14.0
359 14.0
360 14.0
361 14.0
362 14.0
363 14.0
364 14.0
365 14.0
366 14.0
367 14.0
368 14.0
369 14.0
370 14.0
371 14.0
372 14.0
373 14.0
374 14.0
375 14.0
376 14.0
377 14.0
378 14.0
379 14.0
380 14.0
381 14.0
382 14.0
383 15.0
384 15.0
385 15.0
386 15.0
387 15.0
388 15.0
389 15.0
390 15.0
391 15.0
392 15.0
393 15.0
394 15.0
395 15.0
396 15.0
397 15.0
398 15.0
399 16.0
400 17.0
401 18.0
402 18.0
403 18.0
404 18.0
405 18.0
406 18.0
407 18.0
408 19.0
409 19.0
410 19.0
411 19.0
412 19.0
413 19.0
414 19.0
415 19.0
416 19.0
417 19.0
418 19.0
419 19.0
420 19.0
421 19.0
422 19.0
423 19.0
424 19.0
425 19.0
426 19.0
427 19.0
428 19.0
429 19.0
430 19.0
431 19.0
432 20.0
433 20.0
434 20.0
435 20.0
436 20.0
437 20.0
438 20.0
439 20.0
440 20.0
441 20.0
442 20.0
443 20.0
444 20.0
445 20.0
446 20.0
447 20.0
448 20.0
449 20.0
450 20.0
451 20.0
452 20.0
453 20.0
454 20.0
455 20.0
456 20.0
457 20.0
458 20.0
459 20.0
460 20.0
461 20.0
462 20.0
463 20.0
464 20.0
465 20.0
466 20.0
467 20.0
468 20.0
469 21.0
470 21.0
471 21.0
472 21.0
473 21.0
474 21.0
475 21.0
476 21.0
477 21.0
478 21.0
479 21.0
480 21.0
481 21.0
482 21.0
483 21.0
484 21.0
485 21.0
486 21.0
487 21.0
488 21.0
489 21.0
490 21.0
491 21.0
492 21.0
493 22.0
494 22.0
495 22.0
496 22.0
497 22.0
498 22.0
499 22.0
500 22.0
501 23.0
502 23.0
503 23.0
504 23.0
505 23.0
506 24.0
507 24.0
508 24.0
509 24.0
510 24.0
511 25.0
512 26.0
513 28.0
514 29.0
515 29.0
516 30.0
517 30.0
518 30.0
519 30.0
520 31.0
521 31.0
522 31.0
523 31.0
524 31.0
525 31.0
526 31.0
527 32.0
528 32.0
529 32.0
530 32.0
531 32.0
532 32.0
533 32.0
534 32.0
535 32.0
536 33.0
537 33.0
538 33.0
539 33.0
540 33.0
541 33.0
542 33.0
543 33.0
544 34.0
545 34.0
546 34.0
547 34.0
548 34.0
549 34.0
550 34.0
551 34.0
552 34.0
553 34.0
554 34.0
555 34.0
556 34.0
557 34.0
558 35.0
559 35.0
560 35.0
561 35.0
562 35.0
563 35.0
564 35.0
565 35.0
566 35.0
567 35.0
568 35.0
569 35.0
570 35.0
571 35.0
572 35.0
573 35.0
574 35.0
575 35.0
576 35.0
577 35.0
578 35.0
579 35.0
580 35.0
581 35.0
582 35.0
583 35.0
584 35.0
585 35.0
586 35.0
587 35.0
588 35.0
589 35.0
590 36.0
591 36.0
592 36.0
593 36.0
594 36.0
595 36.0
596 36.0
597 36.0
598 36.0
599 36.0
600 36.0
601 36.0
602 36.0
603 36.0
604 36.0
605 36.0
606 36.0
607 36.0
608 36.0
609 36.0
610 36.0
611 36.0
612 36.0
613 36.0
614 36.0
615 36.0
616 36.0
617 36.0
618 36.0
619 36.0
620 36.0
621 36.0
622 36.0
623 36.0
624 36.0
625 36.0
626 36.0
627 36.0
628 36.0
629 36.0
630 36.0
631 36.0
632 36.0
633 37.0
634 37.0
635 37.0
636 37.0
637 37.0
638 37.0
639 37.0
640 37.0
641 37.0
642 37.0
643 37.0
644 37.0
645 37.0
646 37.0
647 37.0
648 37.0
649 37.0
650 37.0
651 37.0
652 37.0
653 37.0
654 37.0
655 37.0
656 37.0
657 37.0
658 37.0
659 37.0
660 37.0
661 37.0
662 37.0
663 37.0
664 37.0
665 37.0
666 37.0
667 37.0
668 38.0
669 38.0
670 38.0
671 38.0
672 38.0
673 38.0
674 38.0
675 38.0
676 38.0
677 38.0
678 38.0
679 38.0
680 38.0
681 38.0
682 38.0
683 38.0
684 38.0
685 38.0
686 38.0
687 38.0
688 38.0
689 38.0
690 38.0
691 39.0
692 39.0
693 39.0
694 39.0
695 39.0
696 39.0
697 39.0
698 39.0
699 39.0
700 39.0
701 39.0
702 39.0
703 39.0
704 39.0
705 39.0
706 39.0
707 39.0
708 39.0
709 40.0
710 40.0
711 40.0
712 40.0
713 40.0
714 40.0
715 40.0
716 40.0
717 40.0
718 40.0
719 40.0
720 40.0
721 40.0
722 40.0
723 40.0
724 40.0
725 41.0
726 41.0
727 41.0
728 41.0
729 41.0
730 41.0
731 41.0
732 41.0
733 41.0
734 41.0
735 41.0
736 41.0
737 42.0
738 42.0
739 42.0
740 42.0
741 42.0
742 43.0
743 43.0
744 43.0
745 43.0
746 44.0
747 44.0
748 45.0
749 45.0
750 46.0
751 46.0
752 47.0
753 47.0
754 47.0
755 47.0
756 47.0
757 48.0
758 48.0
759 48.0
760 48.0
761 48.0
762 48.0
763 49.0
764 49.0
765 49.0
766 49.0
767 49.0
768 49.0
769 50.0
770 50.0
771 50.0
772 50.0
773 51.0
774 51.0
775 52.0
776 86.0
777 88.0
778 89.0
779 90.0
780 90.0
781 91.0
782 91.0
783 92.0
784 92.0
785 93.0
786 93.0
787 93.0
788 94.0
789 94.0
790 95.0
791 95.0
792 96.0
793 96.0
794 97.0
795 98.0
796 98.0
797 99.0
798 100.0
799 100.0
800 101.0
801 102.0
802 102.0
803 102.0
804 103.0
805 103.0
806 104.0
807 104.0
808 104.0
809 105.0
810 105.0
811 106.0
812 106.0
813 106.0
814 107.0
815 107.0
816 108.0
817 108.0
818 109.0
819 109.0
820 110.0
821 110.0
822 111.0
823 111.0
824 112.0
825 112.0
826 113.0
827 113.0
828 113.0
829 114.0
830 114.0
831 115.0
832 115.0
833 116.0
834 117.0
835 117.0
836 118.0
837 118.0
838 119.0
839 120.0
840 121.0
841 124.0
842 135.0
843 139.0
844 141.0
845 142.0
846 143.0
847 144.0
848 145.0
849 146.0
850 147.0
851 147.0
852 148.0
853 149.0
854 150.0
855 151.0
856 152.0
857 153.0
858 154.0
859 155.0
860 156.0
861 157.0
862 158.0
863 159.0
864 159.0
865 160.0
866 161.0
867 162.0
868 162.0
869 163.0
870 163.0
871 163.0
872 164.0
873 164.0
874 165.0
875 165.0
876 166.0
877 166.0
878 166.0
879 167.0
880 167.0
881 168.0
882 168.0
883 169.0
884 169.0
885 170.0
886 170.0
887 171.0
888 171.0
889 172.0
890 173.0
891 173.0
892 174.0
893 175.0
894 175.0
895 176.0
896 177.0
897 178.0
898 178.0
899 179.0
900 180.0
901 181.0
902 182.0
903 182.0
904 183.0
905 184.0
906 185.0
907 186.0
908 186.0
909 187.0
910 188.0
911 189.0
912 190.0
913 191.0
914 192.0
915 193.0
916 194.0
917 194.0
918 196.0
919 197.0
920 198.0
921 199.0
922 200.0
923 201.0
924 202.0
925 204.0
926 205.0
927 206.0
928 207.0
929 209.0
930 211.0
931 213.0
932 216.0
933 220.0
934 223.0
935 226.0
936 229.0
937 231.0
938 232.0
939 234.0
940 236.0
941 238.0
942 239.0
943 241.0
944 242.0
945 244.0
946 245.0
947 246.0
948 248.0
949 250.0
950 251.0
951 253.0
952 254.0
953 256.0
954 257.0
955 259.0
956 260.0
957 261.0
958 263.0
959 264.0
960 265.0
961 265.0
962 266.0
963 268.0
964 269.0
965 270.0
966 271.0
967 272.0
968 273.0
969 275.0
970 276.0
971 278.0
972 279.0
973 281.0
974 282.0
975 284.0
976 286.0
977 287.0
978 289.0
979 291.0
980 292.0
981 294.0
982 296.0
983 298.0
984 300.0
985 303.0
986 306.0
987 309.0
988 313.0
989 317.0
990 323.0
991 333.0
992 348.0
993 367.0
994 384.0
995 390.0
996 395.0
997 401.0
998 407.0
999 428.0
1000 516.0
