1 30.0
2 30.0
3 30.0
4 30.0
5 30.0
6 31.0
7 31.0
8 31.0
9 31.0
10 31.0
11 31.0
12 31.0
13 31.0
14 31.0
15 31.0
16 31.0
17 31.0
18 31.0
19 31.0
20 31.0
21 31.0
22 32.0
23 32.0
24 32.0
25 32.0
26 32.0
27 32.0
28 32.0
29 32.0
30 32.0
31 32.0
32 32.0
33 32.0
34 32.0
35 32.0
36 32.0
37 32.0
38 32.0
39 32.0
40 32.0
41 32.0
42 32.0
43 32.0
44 32.0
45 32.0
46 32.0
47 32.0
48 32.0
49 33.0
50 33.0
51 33.0
52 33.0
53 33.0
54 33.0
55 33.0
56 33.0
57 33.0
58 33.0
59 33.0
60 33.0
61 33.0
62 33.0
63 33.0
64 33.0
65 33.0
66 33.0
67 33.0
68 33.0
69 33.0
70 33.0
71 34.0
72 34.0
73 34.0
74 34.0
75 34.0
76 34.0
77 34.0
78 34.0
79 34.0
80 34.0
81 34.0
82 34.0
83 34.0
84 34.0
85 35.0
86 35.0
87 35.0
88 35.0
89 35.0
90 35.0
91 35.0
92 35.0
93 35.0
94 35.0
95 35.0
96 36.0
97 36.0
98 36.0
99 36.0
100 36.0
101 36.0
102 36.0
103 37.0
104 37.0
105 37.0
106 37.0
107 38.0
108 38.0
109 38.0
110 39.0
111 39.0
112 40.0
113 40.0
114 40.0
115 41.0
116 41.0
117 41.0
118 42.0
119 42.0
120 42.0
121 42.0
122 43.0
123 43.0
124 43.0
125 43.0
126 43.0
127 43.0
128 43.0
129 43.0
130 43.0
131 43.0
132 44.0
133 44.0
134 44.0
135 44.0
136 44.0
137 44.0
138 44.0
139 44.0
140 44.0
141 44.0
142 44.0
143 44.0
144 44.0
145 44.0
146 45.0
147 45.0
148 45.0
149 45.0
150 45.0
151 45.0
152 45.0
153 45.0
154 45.0
155 45.0
156 45.0
157 45.0
158 45.0
159 45.0
160 45.0
161 45.0
162 45.0
163 45.0
164 45.0
165 45.0
166 46.0
167 46.0
168 46.0
169 46.0
170 46.0
171 46.0
172 46.0
173 46.0
174 46.0
175 46.0
176 46.0
177 46.0
178 46.0
179 46.0
180 46.0
181 46.0
182 46.0
183 46.0
184 46.0
185 46.0
186 47.0
187 47.0
188 47.0
189 47.0
190 47.0
191 47.0
192 47.0
193 47.0
194 47.0
195 47.0
196 47.0
197 47.0
198 47.0
199 47.0
200 47.0
201 47.0
202 47.0
203 47.0
204 48.0
205 48.0
206 48.0
207 48.0
208 48.0
209 48.0
210 48.0
211 48.0
212 48.0
213 48.0
214 48.0
215 48.0
216 48.0
217 48.0
218 48.0
219 48.0
220 48.0
221 48.0
222 48.0
223 48.0
224 48.0
225 48.0
226 48.0
227 49.0
228 49.0
229 49.0
230 49.0
231 49.0
232 49.0
233 49.0
234 49.0
235 49.0
236 49.0
237 49.0
238 49.0
239 49.0
240 49.0
241 49.0
242 49.0
243 49.0
244 49.0
245 49.0
246 49.0
247 49.0
248 49.0
249 49.0
250 49.0
251 49.0
252 49.0
253 49.0
254 49.0
255 49.0
256 49.0
257 49.0
258 49.0
259 49.0
260 49.0
261 50.0
262 50.0
263 50.0
264 50.0
265 50.0
266 50.0
267 50.0
268 50.0
269 50.0
270 50.0
271 50.0
272 50.0
273 50.0
274 50.0
275 50.0
276 50.0
277 50.0
278 50.0
279 50.0
280 50.0
281 50.0
282 50.0
283 50.0
284 50.0
285 50.0
286 50.0
287 50.0
288 50.0
289 50.0
290 50.0
291 50.0
292 50.0
293 50.0
294 50.0
295 50.0
296 50.0
297 50.0
298 50.0
299 50.0
300 50.0
301 50.0
302 50.0
303 50.0
304 50.0
305 50.0
306 50.0
307 51.0
308 51.0
309 51.0
310 51.0
311 51.0
312 51.0
313 51.0
314 51.0
315 51.0
316 51.0
317 51.0
318 51.0
319 51.0
320 51.0
321 51.0
322 51.0
323 51.0
324 51.0
325 51.0
326 51.0
327 51.0
328 51.0
329 51.0
330 51.0
331 51.0
332 51.0
333 51.0
334 51.0
335 51.0
336 51.0
337 51.0
338 51.0
339 51.0
340 51.0
341 51.0
342 51.0
343 51.0
344 51.0
345 51.0
346 51.0
347 51.0
348 51.0
349 51.0
350 51.0
351 52.0
352 52.0
353 52.0
354 52.0
355 52.0
356 52.0
357 52.0
358 52.0
359 52.0
360 52.0
361 52.0
362 52.0
363 52.0
364 52.0
365 52.0
366 52.0
367 52.0
368 52.0
369 52.0
370 52.0
371 52.0
372 52.0
373 52.0
374 52.0
375 52.0
376 52.0
377 52.0
378 52.0
379 52.0
380 52.0
381 52.0
382 52.0
383 52.0
384 52.0
385 52.0
386 52.0
387 53.0
388 53.0
389 53.0
390 53.0
391 53.0
392 53.0
393 53.0
394 53.0
395 53.0
396 53.0
397 53.0
398 53.0
399 53.0
400 53.0
401 53.0
402 53.0
403 53.0
404 53.0
405 53.0
406 53.0
407 53.0
408 54.0
409 54.0
410 54.0
411 54.0
412 54.0
413 54.0
414 54.0
415 54.0
416 54.0
417 54.0
418 54.0
419 54.0
420 54.0
421 54.0
422 55.0
423 55.0
424 55.0
425 55.0
426 55.0
427 55.0
428 55.0
429 55.0
430 55.0
431 56.0
432 56.0
433 56.0
434 56.0
435 56.0
436 56.0
437 56.0
438 56.0
439 57.0
440 57.0
441 57.0
442 57.0
443 57.0
444 57.0
445 57.0
446 58.0
447 58.0
448 58.0
449 58.0
450 58.0
451 58.0
452 58.0
453 58.0
454 58.0
455 58.0
456 58.0
457 59.0
458 59.0
459 59.0
460 59.0
461 59.0
462 59.0
463 59.0
464 59.0
465 59.0
466 60.0
467 60.0
468 60.0
469 60.0
470 60.0
471 60.0
472 60.0
473 60.0
474 61.0
475 61.0
476 61.0
477 61.0
478 61.0
479 61.0
480 61.0
481 61.0
482 62.0
483 62.0
484 62.0
485 62.0
486 62.0
487 62.0
488 62.0
489 63.0
490 63.0
491 63.0
492 63.0
493 63.0
494 63.0
495 63.0
496 64.0
497 64.0
498 64.0
499 64.0
500 64.0
501 64.0
502 65.0
503 65.0
504 65.0
505 65.0
506 65.0
507 65.0
508 66.0
509 66.0
510 66.0
511 66.0
512 66.0
513 67.0
514 67.0
515 67.0
516 67.0
517 67.0
518 68.0
519 68.0
520 68.0
521 68.0
522 68.0
523 68.0
524 68.0
525 69.0
526 69.0
527 69.0
528 69.0
529 69.0
530 69.0
531 70.0
532 70.0
533 70.0
534 70.0
535 70.0
536 70.0
537 71.0
538 71.0
539 71.0
540 71.0
541 71.0
542 71.0
543 72.0
544 72.0
545 72.0
546 72.0
547 72.0
548 73.0
549 73.0
550 73.0
551 73.0
552 73.0
553 74.0
554 74.0
555 74.0
556 74.0
557 74.0
558 74.0
559 75.0
560 75.0
561 75.0
562 75.0
563 76.0
564 76.0
565 76.0
566 76.0
567 76.0
568 77.0
569 77.0
570 77.0
571 77.0
572 77.0
573 77.0
574 78.0
575 78.0
576 78.0
577 78.0
578 78.0
579 79.0
580 79.0
581 79.0
582 79.0
583 79.0
584 79.0
585 80.0
586 80.0
587 80.0
588 80.0
589 80.0
590 80.0
591 81.0
592 81.0
593 81.0
594 81.0
595 81.0
596 82.0
597 82.0
598 82.0
599 82.0
600 82.0
601 82.0
602 83.0
603 83.0
604 83.0
605 83.0
606 84.0
607 84.0
608 84.0
609 84.0
610 84.0
611 85.0
612 85.0
613 85.0
614 86.0
615 86.0
616 86.0
617 87.0
618 87.0
619 87.0
620 87.0
621 88.0
622 88.0
623 88.0
624 89.0
625 89.0
626 90.0
627 90.0
628 90.0
629 91.0
630 91.0
631 91.0
632 92.0
633 92.0
634 93.0
635 94.0
636 94.0
637 94.0
638 95.0
639 96.0
640 96.0
641 97.0
642 98.0
643 98.0
644 99.0
645 100.0
646 100.0
647 101.0
648 102.0
649 103.0
650 104.0
651 105.0
652 106.0
653 108.0
654 109.0
655 110.0
656 111.0
657 112.0
658 112.0
659 113.0
660 113.0
661 113.0
662 114.0
663 114.0
664 114.0
665 114.0
666 114.0
667 115.0
668 115.0
669 115.0
670 115.0
671 116.0
672 116.0
673 116.0
674 116.0
675 116.0
676 116.0
677 117.0
678 117.0
679 117.0
680 117.0
681 117.0
682 117.0
683 117.0
684 118.0
685 118.0
686 118.0
687 118.0
688 118.0
689 118.0
690 118.0
691 119.0
692 119.0
693 119.0
694 119.0
695 119.0
696 119.0
697 119.0
698 119.0
699 120.0
700 120.0
701 120.0
702 120.0
703 120.0
704 120.0
705 120.0
706 120.0
707 121.0
708 121.0
709 121.0
710 121.0
711 121.0
712 121.0
713 121.0
714 121.0
715 122.0
716 122.0
717 122.0
718 122.0
719 122.0
720 122.0
721 122.0
722 123.0
723 123.0
724 123.0
725 123.0
726 123.0
727 123.0
728 124.0
729 124.0
730 124.0
731 124.0
732 124.0
733 125.0
734 125.0
735 125.0
736 125.0
737 125.0
738 126.0
739 126.0
740 126.0
741 126.0
742 126.0
743 127.0
744 127.0
745 127.0
746 128.0
747 128.0
748 128.0
749 128.0
750 129.0
751 129.0
752 129.0
753 129.0
754 130.0
755 130.0
756 130.0
757 130.0
758 131.0
759 131.0
760 131.0
761 132.0
762 132.0
763 132.0
764 133.0
765 133.0
766 133.0
767 134.0
768 134.0
769 134.0
770 135.0
771 135.0
772 135.0
773 135.0
774 136.0
775 136.0
776 137.0
777 137.0
778 138.0
779 139.0
780 140.0
781 141.0
782 143.0
783 144.0
784 146.0
785 147.0
786 148.0
787 149.0
788 150.0
789 151.0
790 152.0
791 152.0
792 153.0
793 154.0
794 154.0
795 154.0
796 155.0
797 155.0
798 156.0
799 156.0
800 156.0
801 157.0
802 157.0
803 157.0
804 158.0
805 158.0
806 158.0
807 159.0
808 159.0
809 159.0
810 160.0
811 160.0
812 160.0
813 160.0
814 161.0
815 161.0
816 161.0
817 161.0
818 162.0
819 162.0
820 162.0
821 162.0
822 162.0
823 163.0
824 163.0
825 163.0
826 163.0
827 163.0
828 163.0
829 164.0
830 164.0
831 164.0
832 164.0
833 164.0
834 165.0
835 165.0
836 165.0
837 165.0
838 165.0
839 165.0
840 166.0
841 166.0
842 166.0
843 166.0
844 166.0
845 166.0
846 167.0
847 167.0
848 167.0
849 167.0
850 167.0
851 168.0
852 168.0
853 168.0
854 168.0
855 169.0
856 169.0
857 169.0
858 169.0
859 169.0
860 170.0
861 170.0
862 170.0
863 170.0
864 170.0
865 171.0
866 171.0
867 171.0
868 172.0
869 172.0
870 172.0
871 172.0
872 173.0
873 173.0
874 173.0
875 174.0
876 174.0
877 175.0
878 175.0
879 176.0
880 177.0
881 177.0
882 178.0
883 179.0
884 181.0
885 182.0
886 184.0
887 187.0
888 189.0
889 193.0
890 197.0
891 200.0
892 205.0
893 208.0
894 209.0
895 211.0
896 213.0
897 214.0
898 215.0
899 216.0
900 217.0
901 218.0
902 219.0
903 220.0
904 220.0
905 221.0
906 222.0
907 223.0
908 223.0
909 224.0
910 225.0
911 225.0
912 226.0
913 227.0
914 227.0
915 228.0
916 229.0
917 229.0
918 230.0
919 231.0
920 232.0
921 233.0
922 234.0
923 234.0
924 235.0
925 236.0
926 237.0
927 238.0
928 240.0
929 241.0
930 242.0
931 244.0
932 246.0
933 248.0
934 250.0
935 253.0
936 257.0
937 261.0
938 266.0
939 270.0
940 274.0
941 277.0
942 283.0
943 288.0
944 292.0
945 297.0
946 302.0
947 308.0
948 313.0
949 319.0
950 325.0
951 331.0
952 337.0
953 347.0
954 352.0
955 358.0
956 367.0
957 377.0
958 387.0
959 400.0
960 413.0
961 421.0
962 429.0
963 444.0
964 455.0
965 465.0
966 471.0
967 478.0
968 486.0
969 495.0
970 511.0
971 526.0
972 544.0
973 566.0
974 574.0
975 581.0
976 593.0
977 602.0
978 615.0
979 637.0
980 646.0
981 663.0
982 682.0
983 696.0
984 710.0
985 731.0
986 752.0
987 774.0
988 791.0
989 809.0
990 838.0
991 865.0
992 891.0
993 917.0
994 968.0
995 1012.0
996 1071.0
997 1116.0
998 1160.0
999 1200.0
1000 1229.0
