1 31.0
2 32.0
3 32.0
4 33.0
5 33.0
6 34.0
7 34.0
8 34.0
9 35.0
10 35.0
11 36.0
12 36.0
13 36.0
14 37.0
15 37.0
16 37.0
17 38.0
18 38.0
19 39.0
20 39.0
21 40.0
22 40.0
23 41.0
24 41.0
25 42.0
26 42.0
27 43.0
28 43.0
29 43.0
30 44.0
31 44.0
32 44.0
33 44.0
34 45.0
35 45.0
36 45.0
37 45.0
38 45.0
39 45.0
40 46.0
41 46.0
42 46.0
43 46.0
44 46.0
45 46.0
46 46.0
47 46.0
48 46.0
49 46.0
50 47.0
51 47.0
52 47.0
53 47.0
54 47.0
55 47.0
56 47.0
57 47.0
58 47.0
59 47.0
60 47.0
61 47.0
62 47.0
63 47.0
64 47.0
65 48.0
66 48.0
67 48.0
68 48.0
69 48.0
70 48.0
71 48.0
72 48.0
73 48.0
74 48.0
75 48.0
76 48.0
77 48.0
78 48.0
79 48.0
80 48.0
81 48.0
82 49.0
83 49.0
84 49.0
85 49.0
86 49.0
87 49.0
88 49.0
89 49.0
90 49.0
91 49.0
92 49.0
93 49.0
94 49.0
95 49.0
96 49.0
97 49.0
98 49.0
99 49.0
100 49.0
101 50.0
102 50.0
103 50.0
104 50.0
105 50.0
106 50.0
107 50.0
108 50.0
109 50.0
110 50.0
111 50.0
112 50.0
113 50.0
114 50.0
115 50.0
116 50.0
117 50.0
118 50.0
119 50.0
120 50.0
121 51.0
122 51.0
123 51.0
124 51.0
125 51.0
126 51.0
127 51.0
128 51.0
129 51.0
130 51.0
131 51.0
132 51.0
133 51.0
134 51.0
135 51.0
136 51.0
137 51.0
138 51.0
139 51.0
140 51.0
141 52.0
142 52.0
143 52.0
144 52.0
145 52.0
146 52.0
147 52.0
148 52.0
149 52.0
150 52.0
151 52.0
152 52.0
153 52.0
154 52.0
155 52.0
156 52.0
157 52.0
158 52.0
159 52.0
160 53.0
161 53.0
162 53.0
163 53.0
164 53.0
165 53.0
166 53.0
167 53.0
168 53.0
169 53.0
170 53.0
171 53.0
172 53.0
173 53.0
174 53.0
175 53.0
176 53.0
177 53.0
178 54.0
179 54.0
180 54.0
181 54.0
182 54.0
183 54.0
184 54.0
185 54.0
186 54.0
187 54.0
188 54.0
189 54.0
190 54.0
191 54.0
192 54.0
193 54.0
194 54.0
195 54.0
196 55.0
197 55.0
198 55.0
199 55.0
200 55.0
201 55.0
202 55.0
203 55.0
204 55.0
205 55.0
206 55.0
207 55.0
208 55.0
209 55.0
210 55.0
211 55.0
212 56.0
213 56.0
214 56.0
215 56.0
216 56.0
217 56.0
218 56.0
219 56.0
220 56.0
221 56.0
222 56.0
223 56.0
224 56.0
225 56.0
226 56.0
227 56.0
228 57.0
229 57.0
230 57.0
231 57.0
232 57.0
233 57.0
234 57.0
235 57.0
236 57.0
237 57.0
238 57.0
239 57.0
240 57.0
241 57.0
242 58.0
243 58.0
244 58.0
245 58.0
246 58.0
247 58.0
248 58.0
249 58.0
250 58.0
251 58.0
252 58.0
253 58.0
254 58.0
255 59.0
256 59.0
257 59.0
258 59.0
259 59.0
260 59.0
261 59.0
262 59.0
263 59.0
264 59.0
265 59.0
266 60.0
267 60.0
268 60.0
269 60.0
270 60.0
271 60.0
272 60.0
273 60.0
274 60.0
275 60.0
276 61.0
277 61.0
278 61.0
279 61.0
280 61.0
281 61.0
282 61.0
283 61.0
284 61.0
285 61.0
286 62.0
287 62.0
288 62.0
289 62.0
290 62.0
291 62.0
292 62.0
293 62.0
294 62.0
295 63.0
296 63.0
297 63.0
298 63.0
299 63.0
300 63.0
301 63.0
302 63.0
303 63.0
304 64.0
305 64.0
306 64.0
307 64.0
308 64.0
309 64.0
310 64.0
311 64.0
312 64.0
313 64.0
314 65.0
315 65.0
316 65.0
317 65.0
318 65.0
319 65.0
320 65.0
321 65.0
322 66.0
323 66.0
324 66.0
325 66.0
326 66.0
327 66.0
328 66.0
329 66.0
330 66.0
331 66.0
332 67.0
333 67.0
334 67.0
335 67.0
336 67.0
337 67.0
338 67.0
339 67.0
340 67.0
341 68.0
342 68.0
343 68.0
344 68.0
345 68.0
346 68.0
347 68.0
348 68.0
349 68.0
350 68.0
351 68.0
352 69.0
353 69.0
354 69.0
355 69.0
356 69.0
357 69.0
358 69.0
359 69.0
360 69.0
361 69.0
362 70.0
363 70.0
364 70.0
365 70.0
366 70.0
367 70.0
368 70.0
369 70.0
370 70.0
371 70.0
372 70.0
373 71.0
374 71.0
375 71.0
376 71.0
377 71.0
378 71.0
379 71.0
380 71.0
381 71.0
382 71.0
383 71.0
384 72.0
385 72.0
386 72.0
387 72.0
388 72.0
389 72.0
390 72.0
391 72.0
392 72.0
393 72.0
394 72.0
395 72.0
396 73.0
397 73.0
398 73.0
399 73.0
400 73.0
401 73.0
402 73.0
403 73.0
404 73.0
405 73.0
406 73.0
407 74.0
408 74.0
409 74.0
410 74.0
411 74.0
412 74.0
413 74.0
414 74.0
415 74.0
416 74.0
417 74.0
418 74.0
419 75.0
420 75.0
421 75.0
422 75.0
423 75.0
424 75.0
425 75.0
426 75.0
427 75.0
428 75.0
429 75.0
430 76.0
431 76.0
432 76.0
433 76.0
434 76.0
435 76.0
436 76.0
437 76.0
438 76.0
439 76.0
440 76.0
441 77.0
442 77.0
443 77.0
444 77.0
445 77.0
446 77.0
447 77.0
448 77.0
449 77.0
450 77.0
451 77.0
452 77.0
453 78.0
454 78.0
455 78.0
456 78.0
457 78.0
458 78.0
459 78.0
460 78.0
461 78.0
462 78.0
463 78.0
464 78.0
465 79.0
466 79.0
467 79.0
468 79.0
469 79.0
470 79.0
471 79.0
472 79.0
473 79.0
474 79.0
475 79.0
476 79.0
477 80.0
478 80.0
479 80.0
480 80.0
481 80.0
482 80.0
483 80.0
484 80.0
485 80.0
486 80.0
487 80.0
488 80.0
489 80.0
490 81.0
491 81.0
492 81.0
493 81.0
494 81.0
495 81.0
496 81.0
497 81.0
498 81.0
499 81.0
500 81.0
501 81.0
502 82.0
503 82.0
504 82.0
505 82.0
506 82.0
507 82.0
508 82.0
509 82.0
510 82.0
511 82.0
512 82.0
513 82.0
514 82.0
515 83.0
516 83.0
517 83.0
518 83.0
519 83.0
520 83.0
521 83.0
522 83.0
523 83.0
524 83.0
525 83.0
526 83.0
527 84.0
528 84.0
529 84.0
530 84.0
531 84.0
532 84.0
533 84.0
534 84.0
535 84.0
536 84.0
537 84.0
538 85.0
539 85.0
540 85.0
541 85.0
542 85.0
543 85.0
544 85.0
545 85.0
546 85.0
547 85.0
548 85.0
549 86.0
550 86.0
551 86.0
552 86.0
553 86.0
554 86.0
555 86.0
556 86.0
557 86.0
558 86.0
559 87.0
560 87.0
561 87.0
562 87.0
563 87.0
564 87.0
565 87.0
566 87.0
567 88.0
568 88.0
569 88.0
570 88.0
571 88.0
572 88.0
573 88.0
574 88.0
575 89.0
576 89.0
577 89.0
578 89.0
579 89.0
580 89.0
581 90.0
582 90.0
583 90.0
584 90.0
585 90.0
586 91.0
587 91.0
588 91.0
589 91.0
590 91.0
591 92.0
592 92.0
593 92.0
594 92.0
595 92.0
596 93.0
597 93.0
598 93.0
599 93.0
600 94.0
601 94.0
602 94.0
603 94.0
604 95.0
605 95.0
606 95.0
607 96.0
608 96.0
609 96.0
610 97.0
611 97.0
612 97.0
613 97.0
614 98.0
615 98.0
616 99.0
617 99.0
618 99.0
619 100.0
620 100.0
621 101.0
622 101.0
623 102.0
624 103.0
625 103.0
626 104.0
627 105.0
628 106.0
629 106.0
630 107.0
631 108.0
632 109.0
633 110.0
634 111.0
635 113.0
636 114.0
637 116.0
638 120.0
639 126.0
640 131.0
641 134.0
642 136.0
643 138.0
644 139.0
645 141.0
646 142.0
647 143.0
648 144.0
649 146.0
650 146.0
651 148.0
652 149.0
653 150.0
654 151.0
655 152.0
656 153.0
657 153.0
658 154.0
659 155.0
660 156.0
661 157.0
662 157.0
663 158.0
664 159.0
665 159.0
666 160.0
667 160.0
668 161.0
669 161.0
670 161.0
671 162.0
672 162.0
673 163.0
674 163.0
675 164.0
676 164.0
677 164.0
678 165.0
679 165.0
680 165.0
681 166.0
682 166.0
683 166.0
684 166.0
685 167.0
686 167.0
687 167.0
688 167.0
689 168.0
690 168.0
691 168.0
692 168.0
693 169.0
694 169.0
695 169.0
696 169.0
697 170.0
698 170.0
699 170.0
700 170.0
701 170.0
702 171.0
703 171.0
704 171.0
705 171.0
706 172.0
707 172.0
708 172.0
709 172.0
710 172.0
711 173.0
712 173.0
713 173.0
714 173.0
715 173.0
716 174.0
717 174.0
718 174.0
719 174.0
720 174.0
721 175.0
722 175.0
723 175.0
724 175.0
725 175.0
726 176.0
727 176.0
728 176.0
729 176.0
730 176.0
731 177.0
732 177.0
733 177.0
734 177.0
735 177.0
736 178.0
737 178.0
738 178.0
739 178.0
740 178.0
741 179.0
742 179.0
743 179.0
744 179.0
745 179.0
746 180.0
747 180.0
748 180.0
749 180.0
750 181.0
751 181.0
752 181.0
753 181.0
754 181.0
755 182.0
756 182.0
757 182.0
758 182.0
759 183.0
760 183.0
761 183.0
762 184.0
763 184.0
764 184.0
765 184.0
766 185.0
767 185.0
768 185.0
769 186.0
770 186.0
771 187.0
772 187.0
773 187.0
774 188.0
775 188.0
776 189.0
777 189.0
778 189.0
779 190.0
780 190.0
781 191.0
782 191.0
783 192.0
784 192.0
785 193.0
786 194.0
787 194.0
788 195.0
789 195.0
790 196.0
791 197.0
792 198.0
793 198.0
794 199.0
795 200.0
796 201.0
797 201.0
798 203.0
799 204.0
800 205.0
801 207.0
802 208.0
803 210.0
804 212.0
805 215.0
806 217.0
807 220.0
808 222.0
809 224.0
810 226.0
811 227.0
812 229.0
813 230.0
814 231.0
815 233.0
816 234.0
817 235.0
818 236.0
819 238.0
820 239.0
821 240.0
822 241.0
823 242.0
824 243.0
825 244.0
826 245.0
827 246.0
828 247.0
829 247.0
830 248.0
831 249.0
832 250.0
833 251.0
834 252.0
835 252.0
836 253.0
837 254.0
838 255.0
839 255.0
840 256.0
841 256.0
842 257.0
843 258.0
844 258.0
845 259.0
846 259.0
847 260.0
848 261.0
849 261.0
850 262.0
851 262.0
852 263.0
853 263.0
854 263.0
855 264.0
856 265.0
857 265.0
858 265.0
859 266.0
860 266.0
861 267.0
862 267.0
863 268.0
864 268.0
865 269.0
866 269.0
867 269.0
868 270.0
869 270.0
870 271.0
871 271.0
872 272.0
873 272.0
874 272.0
875 273.0
876 273.0
877 273.0
878 274.0
879 274.0
880 275.0
881 275.0
882 275.0
883 276.0
884 276.0
885 276.0
886 277.0
887 277.0
888 277.0
889 278.0
890 278.0
891 279.0
892 279.0
893 279.0
894 280.0
895 280.0
896 280.0
897 281.0
898 281.0
899 281.0
900 282.0
901 282.0
902 282.0
903 283.0
904 283.0
905 283.0
906 284.0
907 284.0
908 284.0
909 285.0
910 285.0
911 286.0
912 286.0
913 286.0
914 287.0
915 287.0
916 288.0
917 288.0
918 288.0
919 289.0
920 289.0
921 290.0
922 290.0
923 290.0
924 291.0
925 291.0
926 292.0
927 292.0
928 293.0
929 293.0
930 294.0
931 294.0
932 295.0
933 295.0
934 296.0
935 296.0
936 297.0
937 298.0
938 299.0
939 299.0
940 300.0
941 301.0
942 302.0
943 304.0
944 305.0
945 306.0
946 308.0
947 310.0
948 312.0
949 314.0
950 316.0
951 319.0
952 323.0
953 326.0
954 328.0
955 331.0
956 334.0
957 336.0
958 339.0
959 341.0
960 343.0
961 345.0
962 347.0
963 348.0
964 350.0
965 352.0
966 353.0
967 354.0
968 356.0
969 357.0
970 358.0
971 360.0
972 361.0
973 362.0
974 363.0
975 364.0
976 365.0
977 366.0
978 367.0
979 368.0
980 369.0
981 370.0
982 371.0
983 373.0
984 374.0
985 375.0
986 376.0
987 378.0
988 379.0
989 381.0
990 383.0
991 385.0
992 387.0
993 390.0
994 394.0
995 398.0
996 404.0
997 410.0
998 421.0
999 436.0
1000 455.0
