1 28.0
2 29.0
3 29.0
4 29.0
5 29.0
6 30.0
7 30.0
8 30.0
9 30.0
10 30.0
11 31.0
12 31.0
13 31.0
14 33.0
15 34.0
16 36.0
17 38.0
18 40.0
19 41.0
20 42.0
21 43.0
22 44.0
23 44.0
24 45.0
25 45.0
26 46.0
27 46.0
28 47.0
29 47.0
30 47.0
31 48.0
32 48.0
33 48.0
34 48.0
35 49.0
36 49.0
37 49.0
38 49.0
39 50.0
40 50.0
41 50.0
42 50.0
43 50.0
44 50.0
45 50.0
46 51.0
47 51.0
48 51.0
49 51.0
50 51.0
51 51.0
52 51.0
53 51.0
54 52.0
55 52.0
56 52.0
57 52.0
58 52.0
59 52.0
60 52.0
61 52.0
62 52.0
63 53.0
64 53.0
65 53.0
66 53.0
67 53.0
68 53.0
69 54.0
70 54.0
71 54.0
72 54.0
73 54.0
74 54.0
75 55.0
76 55.0
77 55.0
78 55.0
79 55.0
80 56.0
81 56.0
82 56.0
83 57.0
84 57.0
85 57.0
86 57.0
87 58.0
88 58.0
89 58.0
90 58.0
91 59.0
92 59.0
93 59.0
94 59.0
95 60.0
96 60.0
97 60.0
98 60.0
99 60.0
100 61.0
101 61.0
102 61.0
103 61.0
104 61.0
105 61.0
106 61.0
107 61.0
108 62.0
109 62.0
110 62.0
111 62.0
112 62.0
113 62.0
114 62.0
115 62.0
116 63.0
117 63.0
118 63.0
119 63.0
120 63.0
121 63.0
122 63.0
123 63.0
124 63.0
125 63.0
126 63.0
127 63.0
128 64.0
129 64.0
130 64.0
131 64.0
132 64.0
133 64.0
134 64.0
135 64.0
136 64.0
137 64.0
138 64.0
139 64.0
140 64.0
141 64.0
142 65.0
143 65.0
144 65.0
145 65.0
146 65.0
147 65.0
148 65.0
149 65.0
150 65.0
151 65.0
152 65.0
153 65.0
154 65.0
155 65.0
156 65.0
157 65.0
158 65.0
159 66.0
160 66.0
161 66.0
162 66.0
163 66.0
164 66.0
165 66.0
166 66.0
167 66.0
168 66.0
169 66.0
170 66.0
171 66.0
172 66.0
173 66.0
174 66.0
175 66.0
176 66.0
177 66.0
178 67.0
179 67.0
180 67.0
181 67.0
182 67.0
183 67.0
184 67.0
185 67.0
186 67.0
187 67.0
188 67.0
189 67.0
190 67.0
191 67.0
192 67.0
193 67.0
194 67.0
195 67.0
196 68.0
197 68.0
198 68.0
199 68.0
200 68.0
201 68.0
202 68.0
203 68.0
204 68.0
205 68.0
206 68.0
207 68.0
208 68.0
209 68.0
210 68.0
211 68.0
212 68.0
213 69.0
214 69.0
215 69.0
216 69.0
217 69.0
218 69.0
219 69.0
220 69.0
221 69.0
222 69.0
223 69.0
224 69.0
225 69.0
226 69.0
227 69.0
228 69.0
229 70.0
230 70.0
231 70.0
232 70.0
233 70.0
234 70.0
235 70.0
236 70.0
237 70.0
238 70.0
239 70.0
240 70.0
241 70.0
242 70.0
243 70.0
244 71.0
245 71.0
246 71.0
247 71.0
248 71.0
249 71.0
250 71.0
251 71.0
252 71.0
253 71.0
254 71.0
255 71.0
256 71.0
257 71.0
258 71.0
259 71.0
260 71.0
261 71.0
262 72.0
263 72.0
264 72.0
265 72.0
266 72.0
267 72.0
268 72.0
269 72.0
270 72.0
271 72.0
272 72.0
273 72.0
274 72.0
275 72.0
276 72.0
277 72.0
278 72.0
279 72.0
280 72.0
281 73.0
282 73.0
283 73.0
284 73.0
285 73.0
286 73.0
287 73.0
288 73.0
289 73.0
290 73.0
291 73.0
292 73.0
293 73.0
294 73.0
295 73.0
296 73.0
297 73.0
298 73.0
299 73.0
300 73.0
301 74.0
302 74.0
303 74.0
304 74.0
305 74.0
306 74.0
307 74.0
308 74.0
309 74.0
310 74.0
311 74.0
312 74.0
313 74.0
314 74.0
315 74.0
316 74.0
317 74.0
318 74.0
319 75.0
320 75.0
321 75.0
322 75.0
323 75.0
324 75.0
325 75.0
326 75.0
327 75.0
328 75.0
329 75.0
330 75.0
331 75.0
332 75.0
333 75.0
334 75.0
335 76.0
336 76.0
337 76.0
338 76.0
339 76.0
340 76.0
341 76.0
342 76.0
343 76.0
344 76.0
345 76.0
346 76.0
347 76.0
348 76.0
349 76.0
350 77.0
351 77.0
352 77.0
353 77.0
354 77.0
355 77.0
356 77.0
357 77.0
358 77.0
359 77.0
360 77.0
361 77.0
362 77.0
363 77.0
364 78.0
365 78.0
366 78.0
367 78.0
368 78.0
369 78.0
370 78.0
371 78.0
372 78.0
373 78.0
374 78.0
375 78.0
376 79.0
377 79.0
378 79.0
379 79.0
380 79.0
381 79.0
382 79.0
383 79.0
384 79.0
385 79.0
386 79.0
387 79.0
388 79.0
389 79.0
390 80.0
391 80.0
392 80.0
393 80.0
394 80.0
395 80.0
396 80.0
397 80.0
398 80.0
399 80.0
400 80.0
401 80.0
402 80.0
403 81.0
404 81.0
405 81.0
406 81.0
407 81.0
408 81.0
409 81.0
410 81.0
411 81.0
412 81.0
413 81.0
414 81.0
415 81.0
416 82.0
417 82.0
418 82.0
419 82.0
420 82.0
421 82.0
422 82.0
423 82.0
424 82.0
425 82.0
426 82.0
427 82.0
428 82.0
429 83.0
430 83.0
431 83.0
432 83.0
433 83.0
434 83.0
435 83.0
436 83.0
437 83.0
438 83.0
439 83.0
440 83.0
441 83.0
442 84.0
443 84.0
444 84.0
445 84.0
446 84.0
447 84.0
448 84.0
449 84.0
450 84.0
451 84.0
452 84.0
453 84.0
454 85.0
455 85.0
456 85.0
457 85.0
458 85.0
459 85.0
460 85.0
461 85.0
462 85.0
463 85.0
464 86.0
465 86.0
466 86.0
467 86.0
468 86.0
469 86.0
470 86.0
471 86.0
472 86.0
473 86.0
474 86.0
475 87.0
476 87.0
477 87.0
478 87.0
479 87.0
480 87.0
481 87.0
482 87.0
483 87.0
484 87.0
485 88.0
486 88.0
487 88.0
488 88.0
489 88.0
490 88.0
491 88.0
492 88.0
493 88.0
494 89.0
495 89.0
496 89.0
497 89.0
498 89.0
499 89.0
500 89.0
501 89.0
502 89.0
503 89.0
504 90.0
505 90.0
506 90.0
507 90.0
508 90.0
509 90.0
510 90.0
511 90.0
512 90.0
513 90.0
514 90.0
515 91.0
516 91.0
517 91.0
518 91.0
519 91.0
520 91.0
521 91.0
522 91.0
523 91.0
524 91.0
525 91.0
526 92.0
527 92.0
528 92.0
529 92.0
530 92.0
531 92.0
532 92.0
533 92.0
534 92.0
535 92.0
536 92.0
537 93.0
538 93.0
539 93.0
540 93.0
541 93.0
542 93.0
543 93.0
544 93.0
545 93.0
546 93.0
547 94.0
548 94.0
549 94.0
550 94.0
551 94.0
552 94.0
553 94.0
554 94.0
555 94.0
556 94.0
557 95.0
558 95.0
559 95.0
560 95.0
561 95.0
562 95.0
563 95.0
564 95.0
565 95.0
566 95.0
567 95.0
568 96.0
569 96.0
570 96.0
571 96.0
572 96.0
573 96.0
574 96.0
575 96.0
576 96.0
577 96.0
578 97.0
579 97.0
580 97.0
581 97.0
582 97.0
583 97.0
584 97.0
585 97.0
586 97.0
587 98.0
588 98.0
589 98.0
590 98.0
591 98.0
592 98.0
593 98.0
594 98.0
595 99.0
596 99.0
597 99.0
598 99.0
599 99.0
600 99.0
601 99.0
602 100.0
603 100.0
604 100.0
605 100.0
606 100.0
607 100.0
608 101.0
609 101.0
610 101.0
611 101.0
612 101.0
613 102.0
614 102.0
615 102.0
616 102.0
617 103.0
618 103.0
619 103.0
620 104.0
621 104.0
622 104.0
623 105.0
624 105.0
625 105.0
626 106.0
627 106.0
628 107.0
629 107.0
630 108.0
631 109.0
632 109.0
633 110.0
634 111.0
635 111.0
636 112.0
637 112.0
638 113.0
639 114.0
640 114.0
641 115.0
642 116.0
643 117.0
644 118.0
645 119.0
646 120.0
647 121.0
648 122.0
649 123.0
650 124.0
651 125.0
652 126.0
653 127.0
654 128.0
655 130.0
656 131.0
657 132.0
658 133.0
659 134.0
660 135.0
661 136.0
662 137.0
663 138.0
664 139.0
665 140.0
666 140.0
667 141.0
668 142.0
669 142.0
670 143.0
671 144.0
672 144.0
673 145.0
674 146.0
675 147.0
676 148.0
677 149.0
678 150.0
679 150.0
680 151.0
681 152.0
682 152.0
683 153.0
684 154.0
685 154.0
686 155.0
687 156.0
688 157.0
689 157.0
690 158.0
691 159.0
692 159.0
693 160.0
694 160.0
695 161.0
696 161.0
697 161.0
698 162.0
699 162.0
700 162.0
701 163.0
702 163.0
703 163.0
704 164.0
705 164.0
706 164.0
707 165.0
708 165.0
709 165.0
710 166.0
711 166.0
712 166.0
713 167.0
714 167.0
715 167.0
716 167.0
717 168.0
718 168.0
719 168.0
720 168.0
721 169.0
722 169.0
723 169.0
724 169.0
725 170.0
726 170.0
727 170.0
728 170.0
729 171.0
730 171.0
731 171.0
732 172.0
733 172.0
734 172.0
735 173.0
736 173.0
737 174.0
738 174.0
739 174.0
740 175.0
741 175.0
742 175.0
743 176.0
744 177.0
745 177.0
746 178.0
747 179.0
748 180.0
749 181.0
750 181.0
751 182.0
752 183.0
753 185.0
754 186.0
755 187.0
756 189.0
757 190.0
758 191.0
759 192.0
760 193.0
761 194.0
762 195.0
763 196.0
764 197.0
765 198.0
766 200.0
767 201.0
768 202.0
769 204.0
770 205.0
771 206.0
772 208.0
773 210.0
774 211.0
775 212.0
776 214.0
777 215.0
778 217.0
779 218.0
780 220.0
781 222.0
782 224.0
783 225.0
784 226.0
785 227.0
786 229.0
787 230.0
788 231.0
789 232.0
790 233.0
791 234.0
792 235.0
793 235.0
794 236.0
795 237.0
796 237.0
797 238.0
798 238.0
799 239.0
800 239.0
801 240.0
802 240.0
803 241.0
804 241.0
805 242.0
806 242.0
807 243.0
808 243.0
809 244.0
810 244.0
811 245.0
812 245.0
813 246.0
814 246.0
815 247.0
816 247.0
817 247.0
818 248.0
819 248.0
820 249.0
821 250.0
822 250.0
823 250.0
824 251.0
825 252.0
826 252.0
827 253.0
828 253.0
829 254.0
830 254.0
831 255.0
832 255.0
833 256.0
834 257.0
835 257.0
836 258.0
837 258.0
838 259.0
839 260.0
840 260.0
841 261.0
842 262.0
843 262.0
844 263.0
845 264.0
846 264.0
847 265.0
848 266.0
849 267.0
850 267.0
851 268.0
852 268.0
853 269.0
854 269.0
855 270.0
856 270.0
857 271.0
858 271.0
859 272.0
860 272.0
861 273.0
862 273.0
863 274.0
864 275.0
865 275.0
866 275.0
867 276.0
868 276.0
869 277.0
870 277.0
871 278.0
872 278.0
873 279.0
874 279.0
875 280.0
876 280.0
877 281.0
878 281.0
879 282.0
880 282.0
881 283.0
882 283.0
883 284.0
884 284.0
885 285.0
886 285.0
887 286.0
888 286.0
889 287.0
890 287.0
891 288.0
892 288.0
893 289.0
894 289.0
895 290.0
896 291.0
897 291.0
898 292.0
899 293.0
900 293.0
901 294.0
902 295.0
903 296.0
904 297.0
905 297.0
906 298.0
907 299.0
908 300.0
909 301.0
910 302.0
911 303.0
912 304.0
913 305.0
914 306.0
915 308.0
916 309.0
917 310.0
918 311.0
919 313.0
920 314.0
921 316.0
922 318.0
923 320.0
924 321.0
925 323.0
926 325.0
927 326.0
928 328.0
929 329.0
930 331.0
931 332.0
932 334.0
933 335.0
934 336.0
935 338.0
936 340.0
937 341.0
938 343.0
939 344.0
940 345.0
941 347.0
942 349.0
943 350.0
944 352.0
945 353.0
946 354.0
947 356.0
948 357.0
949 358.0
950 359.0
951 360.0
952 361.0
953 362.0
954 363.0
955 364.0
956 365.0
957 367.0
958 367.0
959 369.0
960 370.0
961 370.0
962 371.0
963 372.0
964 373.0
965 374.0
966 375.0
967 375.0
968 376.0
969 378.0
970 379.0
971 380.0
972 381.0
973 382.0
974 383.0
975 384.0
976 385.0
977 387.0
978 389.0
979 390.0
980 392.0
981 394.0
982 395.0
983 397.0
984 399.0
985 402.0
986 404.0
987 405.0
988 407.0
989 410.0
990 412.0
991 415.0
992 418.0
993 422.0
994 424.0
995 429.0
996 432.0
997 437.0
998 444.0
999 449.0
1000 452.0
