1 17.0
2 18.0
3 22.0
4 23.0
5 23.0
6 23.0
7 23.0
8 23.0
9 23.0
10 23.0
11 23.0
12 23.0
13 23.0
14 23.0
15 23.0
16 23.0
17 24.0
18 24.0
19 24.0
20 24.0
21 24.0
22 24.0
23 24.0
24 24.0
25 24.0
26 24.0
27 24.0
28 24.0
29 24.0
30 24.0
31 24.0
32 24.0
33 24.0
34 24.0
35 24.0
36 24.0
37 24.0
38 24.0
39 24.0
40 24.0
41 24.0
42 24.0
43 24.0
44 24.0
45 24.0
46 24.0
47 24.0
48 24.0
49 24.0
50 24.0
51 24.0
52 24.0
53 24.0
54 24.0
55 24.0
56 25.0
57 25.0
58 25.0
59 25.0
60 25.0
61 25.0
62 25.0
63 25.0
64 25.0
65 25.0
66 25.0
67 25.0
68 25.0
69 25.0
70 25.0
71 25.0
72 25.0
73 25.0
74 25.0
75 25.0
76 25.0
77 25.0
78 25.0
79 25.0
80 25.0
81 25.0
82 25.0
83 25.0
84 25.0
85 25.0
86 25.0
87 25.0
88 25.0
89 25.0
90 25.0
91 25.0
92 25.0
93 25.0
94 25.0
95 25.0
96 25.0
97 25.0
98 25.0
99 25.0
100 25.0
101 25.0
102 25.0
103 25.0
104 25.0
105 25.0
106 25.0
107 25.0
108 25.0
109 25.0
110 25.0
111 25.0
112 25.0
113 25.0
114 25.0
115 25.0
116 25.0
117 25.0
118 25.0
119 25.0
120 25.0
121 26.0
122 26.0
123 26.0
124 26.0
125 26.0
126 26.0
127 26.0
128 26.0
129 26.0
130 26.0
131 26.0
132 26.0
133 26.0
134 26.0
135 26.0
136 26.0
137 26.0
138 26.0
139 26.0
140 26.0
141 26.0
142 26.0
143 26.0
144 26.0
145 26.0
146 26.0
147 26.0
148 26.0
149 26.0
150 26.0
151 26.0
152 26.0
153 26.0
154 26.0
155 26.0
156 26.0
157 26.0
158 26.0
159 26.0
160 26.0
161 26.0
162 26.0
163 26.0
164 26.0
165 26.0
166 26.0
167 26.0
168 26.0
169 26.0
170 26.0
171 26.0
172 26.0
173 26.0
174 26.0
175 26.0
176 26.0
177 26.0
178 26.0
179 26.0
180 26.0
181 26.0
182 26.0
183 26.0
184 26.0
185 26.0
186 26.0
187 26.0
188 26.0
189 26.0
190 26.0
191 26.0
192 26.0
193 26.0
194 26.0
195 26.0
196 26.0
197 26.0
198 26.0
199 26.0
200 26.0
201 26.0
202 26.0
203 26.0
204 26.0
205 26.0
206 26.0
207 26.0
208 26.0
209 26.0
210 26.0
211 26.0
212 26.0
213 26.0
214 26.0
215 26.0
216 26.0
217 26.0
218 26.0
219 26.0
220 26.0
221 26.0
222 26.0
223 26.0
224 26.0
225 26.0
226 26.0
227 26.0
228 26.0
229 26.0
230 26.0
231 26.0
232 26.0
233 26.0
234 26.0
235 26.0
236 26.0
237 26.0
238 26.0
239 26.0
240 26.0
241 26.0
242 26.0
243 26.0
244 26.0
245 26.0
246 26.0
247 26.0
248 26.0
249 26.0
250 26.0
251 26.0
252 26.0
253 26.0
254 26.0
255 27.0
256 27.0
257 27.0
258 27.0
259 27.0
260 27.0
261 27.0
262 27.0
263 27.0
264 27.0
265 27.0
266 27.0
267 27.0
268 27.0
269 27.0
270 27.0
271 27.0
272 27.0
273 27.0
274 27.0
275 27.0
276 27.0
277 27.0
278 27.0
279 27.0
280 27.0
281 27.0
282 27.0
283 27.0
284 27.0
285 27.0
286 27.0
287 27.0
288 27.0
289 27.0
290 27.0
291 27.0
292 27.0
293 27.0
294 27.0
295 27.0
296 27.0
297 27.0
298 27.0
299 27.0
300 27.0
301 27.0
302 27.0
303 27.0
304 27.0
305 27.0
306 27.0
307 27.0
308 27.0
309 27.0
310 27.0
311 27.0
312 27.0
313 27.0
314 27.0
315 27.0
316 27.0
317 27.0
318 27.0
319 27.0
320 27.0
321 27.0
322 27.0
323 27.0
324 27.0
325 27.0
326 27.0
327 27.0
328 27.0
329 27.0
330 27.0
331 27.0
332 27.0
333 27.0
334 27.0
335 27.0
336 27.0
337 27.0
338 27.0
339 27.0
340 27.0
341 27.0
342 27.0
343 27.0
344 27.0
345 27.0
346 27.0
347 27.0
348 27.0
349 27.0
350 27.0
351 27.0
352 27.0
353 27.0
354 27.0
355 27.0
356 27.0
357 27.0
358 27.0
359 27.0
360 27.0
361 27.0
362 27.0
363 27.0
364 27.0
365 27.0
366 27.0
367 27.0
368 27.0
369 27.0
370 27.0
371 27.0
372 27.0
373 27.0
374 27.0
375 27.0
376 27.0
377 27.0
378 27.0
379 27.0
380 27.0
381 27.0
382 27.0
383 27.0
384 27.0
385 27.0
386 27.0
387 27.0
388 27.0
389 27.0
390 27.0
391 27.0
392 27.0
393 28.0
394 28.0
395 28.0
396 28.0
397 28.0
398 28.0
399 28.0
400 28.0
401 28.0
402 28.0
403 28.0
404 28.0
405 28.0
406 28.0
407 28.0
408 28.0
409 28.0
410 28.0
411 28.0
412 28.0
413 28.0
414 28.0
415 28.0
416 28.0
417 28.0
418 28.0
419 28.0
420 28.0
421 28.0
422 28.0
423 28.0
424 28.0
425 28.0
426 28.0
427 28.0
428 28.0
429 28.0
430 28.0
431 28.0
432 28.0
433 28.0
434 28.0
435 28.0
436 28.0
437 28.0
438 28.0
439 28.0
440 28.0
441 28.0
442 28.0
443 28.0
444 28.0
445 28.0
446 28.0
447 28.0
448 28.0
449 28.0
450 28.0
451 28.0
452 28.0
453 28.0
454 28.0
455 28.0
456 29.0
457 29.0
458 29.0
459 29.0
460 29.0
461 29.0
462 29.0
463 29.0
464 29.0
465 29.0
466 29.0
467 29.0
468 29.0
469 29.0
470 29.0
471 29.0
472 29.0
473 29.0
474 29.0
475 29.0
476 30.0
477 30.0
478 30.0
479 30.0
480 30.0
481 30.0
482 30.0
483 30.0
484 30.0
485 31.0
486 31.0
487 31.0
488 31.0
489 32.0
490 32.0
491 32.0
492 33.0
493 33.0
494 33.0
495 34.0
496 35.0
497 35.0
498 36.0
499 37.0
500 38.0
501 38.0
502 39.0
503 40.0
504 40.0
505 41.0
506 41.0
507 41.0
508 41.0
509 42.0
510 42.0
511 42.0
512 42.0
513 42.0
514 42.0
515 42.0
516 42.0
517 42.0
518 43.0
519 43.0
520 43.0
521 43.0
522 43.0
523 43.0
524 43.0
525 43.0
526 43.0
527 43.0
528 43.0
529 43.0
530 43.0
531 43.0
532 43.0
533 43.0
534 44.0
535 44.0
536 44.0
537 44.0
538 44.0
539 44.0
540 44.0
541 44.0
542 44.0
543 44.0
544 44.0
545 44.0
546 44.0
547 44.0
548 44.0
549 44.0
550 44.0
551 44.0
552 44.0
553 44.0
554 44.0
555 44.0
556 44.0
557 45.0
558 45.0
559 45.0
560 45.0
561 45.0
562 45.0
563 45.0
564 45.0
565 45.0
566 45.0
567 45.0
568 45.0
569 45.0
570 45.0
571 45.0
572 45.0
573 45.0
574 45.0
575 45.0
576 45.0
577 45.0
578 45.0
579 45.0
580 45.0
581 45.0
582 45.0
583 45.0
584 45.0
585 46.0
586 46.0
587 46.0
588 46.0
589 46.0
590 46.0
591 46.0
592 46.0
593 46.0
594 46.0
595 46.0
596 46.0
597 46.0
598 46.0
599 46.0
600 46.0
601 46.0
602 46.0
603 46.0
604 46.0
605 46.0
606 46.0
607 46.0
608 46.0
609 46.0
610 46.0
611 46.0
612 46.0
613 46.0
614 46.0
615 46.0
616 46.0
617 46.0
618 47.0
619 47.0
620 47.0
621 47.0
622 47.0
623 47.0
624 47.0
625 47.0
626 47.0
627 47.0
628 47.0
629 47.0
630 47.0
631 47.0
632 47.0
633 47.0
634 47.0
635 47.0
636 47.0
637 47.0
638 47.0
639 47.0
640 47.0
641 47.0
642 47.0
643 47.0
644 47.0
645 47.0
646 47.0
647 47.0
648 47.0
649 47.0
650 47.0
651 47.0
652 48.0
653 48.0
654 48.0
655 48.0
656 48.0
657 48.0
658 48.0
659 48.0
660 48.0
661 48.0
662 48.0
663 48.0
664 48.0
665 48.0
666 48.0
667 48.0
668 48.0
669 48.0
670 48.0
671 48.0
672 48.0
673 48.0
674 48.0
675 48.0
676 49.0
677 49.0
678 49.0
679 49.0
680 49.0
681 49.0
682 49.0
683 49.0
684 49.0
685 49.0
686 49.0
687 50.0
688 50.0
689 50.0
690 50.0
691 50.0
692 51.0
693 52.0
694 53.0
695 56.0
696 62.0
697 71.0
698 77.0
699 78.0
700 78.0
701 78.0
702 79.0
703 79.0
704 79.0
705 80.0
706 80.0
707 80.0
708 80.0
709 80.0
710 81.0
711 81.0
712 81.0
713 81.0
714 81.0
715 81.0
716 82.0
717 82.0
718 82.0
719 82.0
720 83.0
721 83.0
722 83.0
723 83.0
724 84.0
725 84.0
726 84.0
727 85.0
728 86.0
729 86.0
730 87.0
731 88.0
732 88.0
733 89.0
734 89.0
735 89.0
736 90.0
737 90.0
738 90.0
739 90.0
740 91.0
741 91.0
742 91.0
743 91.0
744 91.0
745 92.0
746 92.0
747 92.0
748 92.0
749 92.0
750 93.0
751 93.0
752 93.0
753 93.0
754 94.0
755 94.0
756 94.0
757 95.0
758 95.0
759 96.0
760 97.0
761 98.0
762 107.0
763 109.0
764 110.0
765 110.0
766 111.0
767 111.0
768 112.0
769 112.0
770 112.0
771 113.0
772 113.0
773 113.0
774 113.0
775 113.0
776 114.0
777 114.0
778 114.0
779 114.0
780 114.0
781 115.0
782 115.0
783 115.0
784 115.0
785 115.0
786 115.0
787 116.0
788 116.0
789 116.0
790 116.0
791 116.0
792 116.0
793 117.0
794 117.0
795 117.0
796 117.0
797 117.0
798 117.0
799 117.0
800 118.0
801 118.0
802 118.0
803 118.0
804 118.0
805 118.0
806 119.0
807 119.0
808 119.0
809 119.0
810 119.0
811 120.0
812 120.0
813 120.0
814 120.0
815 120.0
816 121.0
817 121.0
818 121.0
819 121.0
820 122.0
821 122.0
822 122.0
823 123.0
824 123.0
825 123.0
826 124.0
827 124.0
828 124.0
829 125.0
830 125.0
831 126.0
832 126.0
833 126.0
834 127.0
835 127.0
836 128.0
837 128.0
838 129.0
839 129.0
840 130.0
841 130.0
842 130.0
843 131.0
844 131.0
845 131.0
846 132.0
847 132.0
848 132.0
849 132.0
850 133.0
851 133.0
852 133.0
853 133.0
854 134.0
855 134.0
856 134.0
857 134.0
858 135.0
859 135.0
860 135.0
861 135.0
862 136.0
863 136.0
864 136.0
865 136.0
866 137.0
867 137.0
868 137.0
869 138.0
870 138.0
871 138.0
872 139.0
873 139.0
874 140.0
875 140.0
876 141.0
877 142.0
878 143.0
879 144.0
880 145.0
881 146.0
882 147.0
883 147.0
884 148.0
885 149.0
886 149.0
887 150.0
888 150.0
889 151.0
890 151.0
891 152.0
892 152.0
893 153.0
894 153.0
895 153.0
896 154.0
897 154.0
898 155.0
899 155.0
900 156.0
901 156.0
902 156.0
903 157.0
904 157.0
905 157.0
906 158.0
907 158.0
908 158.0
909 159.0
910 159.0
911 159.0
912 159.0
913 160.0
914 160.0
915 160.0
916 161.0
917 161.0
918 161.0
919 162.0
920 162.0
921 162.0
922 163.0
923 163.0
924 163.0
925 164.0
926 164.0
927 164.0
928 165.0
929 165.0
930 166.0
931 167.0
932 168.0
933 169.0
934 170.0
935 197.0
936 225.0
937 229.0
938 231.0
939 233.0
940 235.0
941 236.0
942 238.0
943 239.0
944 241.0
945 242.0
946 244.0
947 245.0
948 246.0
949 247.0
950 248.0
951 249.0
952 250.0
953 251.0
954 252.0
955 252.0
956 253.0
957 254.0
958 254.0
959 255.0
960 256.0
961 256.0
962 257.0
963 258.0
964 258.0
965 259.0
966 260.0
967 261.0
968 262.0
969 263.0
970 265.0
971 267.0
972 271.0
973 276.0
974 279.0
975 281.0
976 283.0
977 285.0
978 287.0
979 289.0
980 291.0
981 293.0
982 296.0
983 320.0
984 332.0
985 335.0
986 338.0
987 339.0
988 341.0
989 342.0
990 343.0
991 344.0
992 345.0
993 346.0
994 347.0
995 348.0
996 350.0
997 351.0
998 353.0
999 355.0
1000 359.0
