1 4.0
2 5.0
3 5.0
4 5.0
5 5.0
6 5.0
7 5.0
8 5.0
9 5.0
10 5.0
11 5.0
12 5.0
13 5.0
14 5.0
15 5.0
16 5.0
17 5.0
18 5.0
19 5.0
20 5.0
21 5.0
22 5.0
23 5.0
24 5.0
25 5.0
26 5.0
27 5.0
28 5.0
29 5.0
30 5.0
31 5.0
32 5.0
33 5.0
34 5.0
35 5.0
36 5.0
37 5.0
38 5.0
39 5.0
40 5.0
41 5.0
42 5.0
43 5.0
44 5.0
45 5.0
46 5.0
47 5.0
48 5.0
49 5.0
50 5.0
51 5.0
52 5.0
53 5.0
54 5.0
55 5.0
56 5.0
57 5.0
58 5.0
59 5.0
60 5.0
61 5.0
62 5.0
63 5.0
64 5.0
65 5.0
66 5.0
67 5.0
68 5.0
69 5.0
70 5.0
71 5.0
72 5.0
73 5.0
74 5.0
75 5.0
76 5.0
77 5.0
78 5.0
79 5.0
80 5.0
81 5.0
82 5.0
83 5.0
84 5.0
85 5.0
86 5.0
87 5.0
88 5.0
89 5.0
90 5.0
91 5.0
92 5.0
93 5.0
94 5.0
95 5.0
96 5.0
97 5.0
98 5.0
99 5.0
100 5.0
101 5.0
102 5.0
103 5.0
104 5.0
105 5.0
106 5.0
107 5.0
108 5.0
109 5.0
110 5.0
111 5.0
112 5.0
113 5.0
114 5.0
115 5.0
116 5.0
117 5.0
118 5.0
119 5.0
120 5.0
121 5.0
122 5.0
123 5.0
124 5.0
125 5.0
126 5.0
127 5.0
128 5.0
129 5.0
130 5.0
131 5.0
132 5.0
133 5.0
134 5.0
135 5.0
136 5.0
137 5.0
138 5.0
139 5.0
140 5.0
141 5.0
142 5.0
143 5.0
144 5.0
145 5.0
146 5.0
147 5.0
148 5.0
149 5.0
150 5.0
151 5.0
152 5.0
153 5.0
154 5.0
155 5.0
156 5.0
157 5.0
158 5.0
159 5.0
160 5.0
161 5.0
162 5.0
163 5.0
164 5.0
165 5.0
166 5.0
167 5.0
168 5.0
169 5.0
170 5.0
171 5.0
172 5.0
173 5.0
174 5.0
175 5.0
176 5.0
177 5.0
178 5.0
179 5.0
180 5.0
181 5.0
182 5.0
183 5.0
184 5.0
185 5.0
186 5.0
187 5.0
188 5.0
189 5.0
190 5.0
191 5.0
192 5.0
193 5.0
194 5.0
195 5.0
196 5.0
197 5.0
198 5.0
199 6.0
200 6.0
201 6.0
202 6.0
203 6.0
204 6.0
205 6.0
206 6.0
207 6.0
208 6.0
209 6.0
210 6.0
211 6.0
212 6.0
213 6.0
214 6.0
215 6.0
216 6.0
217 6.0
218 6.0
219 6.0
220 6.0
221 6.0
222 6.0
223 6.0
224 6.0
225 6.0
226 6.0
227 6.0
228 6.0
229 6.0
230 7.0
231 8.0
232 8.0
233 9.0
234 9.0
235 9.0
236 9.0
237 9.0
238 9.0
239 9.0
240 9.0
241 9.0
242 9.0
243 9.0
244 9.0
245 9.0
246 9.0
247 9.0
248 9.0
249 9.0
250 9.0
251 9.0
252 9.0
253 9.0
254 9.0
255 9.0
256 9.0
257 9.0
258 9.0
259 9.0
260 9.0
261 10.0
262 10.0
263 10.0
264 10.0
265 10.0
266 10.0
267 10.0
268 10.0
269 10.0
270 10.0
271 10.0
272 10.0
273 10.0
274 10.0
275 10.0
276 10.0
277 10.0
278 10.0
279 10.0
280 10.0
281 10.0
282 10.0
283 10.0
284 10.0
285 10.0
286 10.0
287 10.0
288 11.0
289 11.0
290 11.0
291 11.0
292 11.0
293 11.0
294 11.0
295 11.0
296 11.0
297 11.0
298 11.0
299 11.0
300 11.0
301 11.0
302 11.0
303 11.0
304 11.0
305 11.0
306 11.0
307 11.0
308 11.0
309 11.0
310 11.0
311 11.0
312 11.0
313 11.0
314 11.0
315 11.0
316 11.0
317 11.0
318 11.0
319 11.0
320 11.0
321 11.0
322 11.0
323 11.0
324 11.0
325 11.0
326 11.0
327 11.0
328 11.0
329 11.0
330 11.0
331 11.0
332 11.0
333 12.0
334 12.0
335 12.0
336 12.0
337 12.0
338 12.0
339 12.0
340 14.0
341 17.0
342 21.0
343 24.0
344 24.0
345 25.0
346 25.0
347 25.0
348 25.0
349 25.0
350 25.0
351 25.0
352 25.0
353 25.0
354 25.0
355 25.0
356 25.0
357 25.0
358 26.0
359 26.0
360 26.0
361 26.0
362 26.0
363 26.0
364 26.0
365 26.0
366 26.0
367 26.0
368 26.0
369 26.0
370 26.0
371 26.0
372 26.0
373 26.0
374 26.0
375 26.0
376 26.0
377 26.0
378 26.0
379 26.0
380 26.0
381 26.0
382 26.0
383 26.0
384 26.0
385 26.0
386 26.0
387 26.0
388 26.0
389 26.0
390 26.0
391 27.0
392 27.0
393 27.0
394 27.0
395 27.0
396 27.0
397 27.0
398 27.0
399 27.0
400 27.0
401 27.0
402 27.0
403 27.0
404 27.0
405 27.0
406 27.0
407 27.0
408 27.0
409 27.0
410 27.0
411 27.0
412 27.0
413 27.0
414 27.0
415 27.0
416 27.0
417 27.0
418 27.0
419 27.0
420 27.0
421 27.0
422 27.0
423 27.0
424 27.0
425 27.0
426 27.0
427 28.0
428 28.0
429 28.0
430 28.0
431 28.0
432 28.0
433 28.0
434 28.0
435 28.0
436 28.0
437 28.0
438 28.0
439 28.0
440 28.0
441 28.0
442 28.0
443 28.0
444 28.0
445 28.0
446 28.0
447 28.0
448 28.0
449 29.0
450 29.0
451 29.0
452 29.0
453 29.0
454 29.0
455 29.0
456 29.0
457 29.0
458 29.0
459 29.0
460 29.0
461 29.0
462 30.0
463 30.0
464 30.0
465 30.0
466 30.0
467 30.0
468 30.0
469 31.0
470 31.0
471 31.0
472 31.0
473 32.0
474 32.0
475 32.0
476 33.0
477 33.0
478 33.0
479 34.0
480 34.0
481 35.0
482 35.0
483 35.0
484 36.0
485 36.0
486 36.0
487 37.0
488 37.0
489 37.0
490 37.0
491 37.0
492 38.0
493 38.0
494 38.0
495 38.0
496 38.0
497 38.0
498 38.0
499 38.0
500 38.0
501 38.0
502 39.0
503 39.0
504 39.0
505 39.0
506 39.0
507 39.0
508 39.0
509 39.0
510 39.0
511 39.0
512 39.0
513 39.0
514 39.0
515 39.0
516 39.0
517 39.0
518 39.0
519 40.0
520 40.0
521 40.0
522 40.0
523 40.0
524 40.0
525 40.0
526 40.0
527 40.0
528 40.0
529 40.0
530 40.0
531 40.0
532 40.0
533 40.0
534 40.0
535 40.0
536 40.0
537 40.0
538 40.0
539 40.0
540 40.0
541 40.0
542 40.0
543 41.0
544 41.0
545 41.0
546 41.0
547 41.0
548 41.0
549 41.0
550 41.0
551 41.0
552 41.0
553 41.0
554 41.0
555 41.0
556 41.0
557 41.0
558 41.0
559 41.0
560 41.0
561 41.0
562 41.0
563 41.0
564 41.0
565 42.0
566 42.0
567 42.0
568 42.0
569 42.0
570 42.0
571 42.0
572 42.0
573 42.0
574 42.0
575 42.0
576 42.0
577 42.0
578 42.0
579 42.0
580 42.0
581 42.0
582 42.0
583 42.0
584 42.0
585 42.0
586 43.0
587 43.0
588 43.0
589 43.0
590 43.0
591 43.0
592 43.0
593 43.0
594 43.0
595 43.0
596 43.0
597 43.0
598 43.0
599 43.0
600 43.0
601 43.0
602 43.0
603 43.0
604 43.0
605 43.0
606 43.0
607 43.0
608 43.0
609 43.0
610 43.0
611 43.0
612 43.0
613 44.0
614 44.0
615 44.0
616 44.0
617 44.0
618 44.0
619 44.0
620 44.0
621 44.0
622 44.0
623 44.0
624 44.0
625 44.0
626 44.0
627 44.0
628 44.0
629 44.0
630 44.0
631 44.0
632 44.0
633 44.0
634 44.0
635 44.0
636 44.0
637 44.0
638 44.0
639 44.0
640 44.0
641 44.0
642 44.0
643 44.0
644 44.0
645 44.0
646 44.0
647 44.0
648 44.0
649 44.0
650 44.0
651 44.0
652 44.0
653 45.0
654 45.0
655 45.0
656 45.0
657 45.0
658 45.0
659 45.0
660 45.0
661 45.0
662 45.0
663 45.0
664 45.0
665 45.0
666 45.0
667 45.0
668 45.0
669 45.0
670 45.0
671 45.0
672 45.0
673 45.0
674 45.0
675 45.0
676 45.0
677 45.0
678 45.0
679 45.0
680 45.0
681 45.0
682 45.0
683 45.0
684 45.0
685 45.0
686 45.0
687 45.0
688 45.0
689 45.0
690 45.0
691 45.0
692 45.0
693 45.0
694 45.0
695 45.0
696 45.0
697 45.0
698 45.0
699 45.0
700 45.0
701 45.0
702 46.0
703 46.0
704 46.0
705 46.0
706 46.0
707 46.0
708 46.0
709 46.0
710 46.0
711 46.0
712 46.0
713 46.0
714 46.0
715 46.0
716 46.0
717 46.0
718 46.0
719 46.0
720 46.0
721 46.0
722 46.0
723 46.0
724 46.0
725 46.0
726 46.0
727 46.0
728 46.0
729 46.0
730 46.0
731 46.0
732 46.0
733 46.0
734 46.0
735 46.0
736 46.0
737 46.0
738 46.0
739 46.0
740 46.0
741 46.0
742 46.0
743 46.0
744 46.0
745 46.0
746 46.0
747 46.0
748 47.0
749 47.0
750 47.0
751 47.0
752 47.0
753 47.0
754 47.0
755 47.0
756 47.0
757 47.0
758 47.0
759 47.0
760 47.0
761 47.0
762 47.0
763 47.0
764 47.0
765 47.0
766 47.0
767 47.0
768 47.0
769 47.0
770 47.0
771 47.0
772 47.0
773 47.0
774 47.0
775 47.0
776 47.0
777 47.0
778 48.0
779 48.0
780 48.0
781 48.0
782 48.0
783 48.0
784 48.0
785 48.0
786 48.0
787 48.0
788 48.0
789 48.0
790 48.0
791 49.0
792 49.0
793 49.0
794 49.0
795 49.0
796 49.0
797 50.0
798 50.0
799 50.0
800 51.0
801 51.0
802 51.0
803 52.0
804 53.0
805 53.0
806 54.0
807 55.0
808 56.0
809 57.0
810 58.0
811 58.0
812 59.0
813 60.0
814 62.0
815 63.0
816 65.0
817 67.0
818 71.0
819 74.0
820 77.0
821 79.0
822 83.0
823 86.0
824 89.0
825 93.0
826 98.0
827 102.0
828 104.0
829 105.0
830 106.0
831 107.0
832 108.0
833 108.0
834 109.0
835 109.0
836 110.0
837 110.0
838 110.0
839 110.0
840 111.0
841 111.0
842 111.0
843 112.0
844 112.0
845 112.0
846 112.0
847 112.0
848 113.0
849 113.0
850 113.0
851 113.0
852 113.0
853 113.0
854 114.0
855 114.0
856 114.0
857 114.0
858 114.0
859 115.0
860 115.0
861 115.0
862 115.0
863 115.0
864 116.0
865 116.0
866 116.0
867 116.0
868 116.0
869 117.0
870 117.0
871 117.0
872 117.0
873 117.0
874 118.0
875 118.0
876 118.0
877 118.0
878 119.0
879 119.0
880 119.0
881 119.0
882 120.0
883 120.0
884 120.0
885 121.0
886 121.0
887 121.0
888 121.0
889 121.0
890 122.0
891 122.0
892 122.0
893 123.0
894 123.0
895 123.0
896 123.0
897 124.0
898 124.0
899 124.0
900 125.0
901 125.0
902 125.0
903 126.0
904 126.0
905 126.0
906 127.0
907 127.0
908 127.0
909 128.0
910 128.0
911 129.0
912 130.0
913 131.0
914 133.0
915 136.0
916 140.0
917 142.0
918 143.0
919 145.0
920 146.0
921 146.0
922 147.0
923 147.0
924 148.0
925 149.0
926 149.0
927 149.0
928 150.0
929 150.0
930 151.0
931 151.0
932 152.0
933 152.0
934 153.0
935 153.0
936 154.0
937 154.0
938 155.0
939 156.0
940 156.0
941 157.0
942 158.0
943 159.0
944 160.0
945 162.0
946 166.0
947 173.0
948 179.0
949 190.0
950 200.0
951 204.0
952 206.0
953 208.0
954 209.0
955 211.0
956 212.0
957 212.0
958 213.0
959 214.0
960 215.0
961 215.0
962 216.0
963 217.0
964 218.0
965 218.0
966 219.0
967 220.0
968 220.0
969 221.0
970 221.0
971 222.0
972 223.0
973 223.0
974 224.0
975 225.0
976 225.0
977 226.0
978 227.0
979 228.0
980 229.0
981 230.0
982 231.0
983 233.0
984 234.0
985 236.0
986 238.0
987 241.0
988 246.0
989 256.0
990 271.0
991 281.0
992 296.0
993 316.0
994 339.0
995 359.0
996 412.0
997 446.0
998 468.0
999 493.0
1000 531.0
