1 32.0
2 32.0
3 33.0
4 33.0
5 33.0
6 33.0
7 33.0
8 34.0
9 34.0
10 34.0
11 34.0
12 34.0
13 34.0
14 34.0
15 34.0
16 35.0
17 35.0
18 35.0
19 35.0
20 35.0
21 36.0
22 36.0
23 37.0
24 38.0
25 39.0
26 40.0
27 41.0
28 41.0
29 42.0
30 43.0
31 44.0
32 44.0
33 45.0
34 45.0
35 46.0
36 46.0
37 46.0
38 46.0
39 47.0
40 47.0
41 47.0
42 47.0
43 47.0
44 47.0
45 47.0
46 48.0
47 48.0
48 48.0
49 48.0
50 48.0
51 48.0
52 48.0
53 48.0
54 48.0
55 48.0
56 48.0
57 48.0
58 48.0
59 49.0
60 49.0
61 49.0
62 49.0
63 49.0
64 49.0
65 49.0
66 49.0
67 49.0
68 49.0
69 49.0
70 49.0
71 49.0
72 49.0
73 49.0
74 49.0
75 49.0
76 49.0
77 49.0
78 50.0
79 50.0
80 50.0
81 50.0
82 50.0
83 50.0
84 50.0
85 50.0
86 50.0
87 50.0
88 50.0
89 50.0
90 50.0
91 50.0
92 50.0
93 50.0
94 50.0
95 50.0
96 50.0
97 50.0
98 50.0
99 50.0
100 50.0
101 50.0
102 50.0
103 50.0
104 50.0
105 50.0
106 51.0
107 51.0
108 51.0
109 51.0
110 51.0
111 51.0
112 51.0
113 51.0
114 51.0
115 51.0
116 51.0
117 51.0
118 51.0
119 51.0
120 51.0
121 51.0
122 51.0
123 51.0
124 51.0
125 51.0
126 51.0
127 51.0
128 51.0
129 51.0
130 51.0
131 51.0
132 51.0
133 51.0
134 51.0
135 51.0
136 51.0
137 51.0
138 51.0
139 51.0
140 52.0
141 52.0
142 52.0
143 52.0
144 52.0
145 52.0
146 52.0
147 52.0
148 52.0
149 52.0
150 52.0
151 52.0
152 52.0
153 52.0
154 52.0
155 52.0
156 52.0
157 52.0
158 52.0
159 52.0
160 52.0
161 52.0
162 52.0
163 52.0
164 52.0
165 52.0
166 52.0
167 52.0
168 52.0
169 52.0
170 53.0
171 53.0
172 53.0
173 53.0
174 53.0
175 53.0
176 53.0
177 53.0
178 53.0
179 53.0
180 53.0
181 53.0
182 53.0
183 53.0
184 53.0
185 53.0
186 53.0
187 53.0
188 53.0
189 53.0
190 53.0
191 53.0
192 53.0
193 54.0
194 54.0
195 54.0
196 54.0
197 54.0
198 54.0
199 54.0
200 54.0
201 54.0
202 54.0
203 54.0
204 54.0
205 54.0
206 54.0
207 54.0
208 54.0
209 54.0
210 55.0
211 55.0
212 55.0
213 55.0
214 55.0
215 55.0
216 55.0
217 55.0
218 55.0
219 55.0
220 55.0
221 55.0
222 55.0
223 55.0
224 56.0
225 56.0
226 56.0
227 56.0
228 56.0
229 56.0
230 56.0
231 56.0
232 56.0
233 56.0
234 57.0
235 57.0
236 57.0
237 57.0
238 57.0
239 57.0
240 57.0
241 57.0
242 57.0
243 58.0
244 58.0
245 58.0
246 58.0
247 58.0
248 58.0
249 58.0
250 58.0
251 59.0
252 59.0
253 59.0
254 59.0
255 59.0
256 59.0
257 59.0
258 60.0
259 60.0
260 60.0
261 60.0
262 60.0
263 60.0
264 60.0
265 61.0
266 61.0
267 61.0
268 61.0
269 61.0
270 61.0
271 62.0
272 62.0
273 62.0
274 62.0
275 62.0
276 62.0
277 62.0
278 63.0
279 63.0
280 63.0
281 63.0
282 63.0
283 63.0
284 63.0
285 64.0
286 64.0
287 64.0
288 64.0
289 64.0
290 64.0
291 64.0
292 64.0
293 64.0
294 64.0
295 65.0
296 65.0
297 65.0
298 65.0
299 65.0
300 65.0
301 65.0
302 65.0
303 65.0
304 65.0
305 66.0
306 66.0
307 66.0
308 66.0
309 66.0
310 66.0
311 66.0
312 66.0
313 66.0
314 66.0
315 66.0
316 67.0
317 67.0
318 67.0
319 67.0
320 67.0
321 67.0
322 67.0
323 67.0
324 67.0
325 67.0
326 67.0
327 67.0
328 68.0
329 68.0
330 68.0
331 68.0
332 68.0
333 68.0
334 68.0
335 68.0
336 68.0
337 68.0
338 68.0
339 68.0
340 68.0
341 68.0
342 69.0
343 69.0
344 69.0
345 69.0
346 69.0
347 69.0
348 69.0
349 69.0
350 69.0
351 69.0
352 69.0
353 69.0
354 69.0
355 69.0
356 69.0
357 69.0
358 69.0
359 70.0
360 70.0
361 70.0
362 70.0
363 70.0
364 70.0
365 70.0
366 70.0
367 70.0
368 70.0
369 70.0
370 70.0
371 70.0
372 70.0
373 70.0
374 70.0
375 70.0
376 70.0
377 70.0
378 70.0
379 71.0
380 71.0
381 71.0
382 71.0
383 71.0
384 71.0
385 71.0
386 71.0
387 71.0
388 71.0
389 71.0
390 71.0
391 71.0
392 71.0
393 71.0
394 71.0
395 71.0
396 71.0
397 71.0
398 71.0
399 72.0
400 72.0
401 72.0
402 72.0
403 72.0
404 72.0
405 72.0
406 72.0
407 72.0
408 72.0
409 72.0
410 72.0
411 72.0
412 72.0
413 72.0
414 72.0
415 72.0
416 72.0
417 72.0
418 73.0
419 73.0
420 73.0
421 73.0
422 73.0
423 73.0
424 73.0
425 73.0
426 73.0
427 73.0
428 73.0
429 73.0
430 73.0
431 73.0
432 73.0
433 73.0
434 73.0
435 73.0
436 74.0
437 74.0
438 74.0
439 74.0
440 74.0
441 74.0
442 74.0
443 74.0
444 74.0
445 74.0
446 74.0
447 74.0
448 74.0
449 74.0
450 74.0
451 74.0
452 75.0
453 75.0
454 75.0
455 75.0
456 75.0
457 75.0
458 75.0
459 75.0
460 75.0
461 75.0
462 75.0
463 75.0
464 75.0
465 75.0
466 76.0
467 76.0
468 76.0
469 76.0
470 76.0
471 76.0
472 76.0
473 76.0
474 76.0
475 76.0
476 76.0
477 76.0
478 77.0
479 77.0
480 77.0
481 77.0
482 77.0
483 77.0
484 77.0
485 77.0
486 77.0
487 77.0
488 78.0
489 78.0
490 78.0
491 78.0
492 78.0
493 78.0
494 78.0
495 78.0
496 78.0
497 79.0
498 79.0
499 79.0
500 79.0
501 79.0
502 79.0
503 79.0
504 79.0
505 79.0
506 80.0
507 80.0
508 80.0
509 80.0
510 80.0
511 80.0
512 80.0
513 80.0
514 80.0
515 81.0
516 81.0
517 81.0
518 81.0
519 81.0
520 81.0
521 81.0
522 81.0
523 81.0
524 81.0
525 82.0
526 82.0
527 82.0
528 82.0
529 82.0
530 82.0
531 82.0
532 82.0
533 82.0
534 82.0
535 83.0
536 83.0
537 83.0
538 83.0
539 83.0
540 83.0
541 83.0
542 83.0
543 83.0
544 84.0
545 84.0
546 84.0
547 84.0
548 84.0
549 84.0
550 84.0
551 84.0
552 85.0
553 85.0
554 85.0
555 85.0
556 85.0
557 85.0
558 85.0
559 85.0
560 86.0
561 86.0
562 86.0
563 86.0
564 86.0
565 86.0
566 87.0
567 87.0
568 87.0
569 87.0
570 87.0
571 87.0
572 88.0
573 88.0
574 88.0
575 88.0
576 88.0
577 88.0
578 89.0
579 89.0
580 89.0
581 89.0
582 89.0
583 90.0
584 90.0
585 90.0
586 90.0
587 90.0
588 90.0
589 91.0
590 91.0
591 91.0
592 91.0
593 91.0
594 91.0
595 92.0
596 92.0
597 92.0
598 92.0
599 93.0
600 93.0
601 93.0
602 93.0
603 93.0
604 94.0
605 94.0
606 94.0
607 94.0
608 94.0
609 95.0
610 95.0
611 95.0
612 95.0
613 95.0
614 96.0
615 96.0
616 96.0
617 96.0
618 97.0
619 97.0
620 97.0
621 98.0
622 98.0
623 98.0
624 99.0
625 99.0
626 99.0
627 100.0
628 100.0
629 101.0
630 101.0
631 102.0
632 102.0
633 103.0
634 103.0
635 103.0
636 104.0
637 104.0
638 105.0
639 105.0
640 106.0
641 106.0
642 107.0
643 107.0
644 108.0
645 108.0
646 109.0
647 109.0
648 110.0
649 110.0
650 111.0
651 112.0
652 112.0
653 113.0
654 114.0
655 116.0
656 118.0
657 120.0
658 123.0
659 126.0
660 129.0
661 130.0
662 132.0
663 132.0
664 134.0
665 135.0
666 136.0
667 137.0
668 139.0
669 140.0
670 141.0
671 143.0
672 144.0
673 146.0
674 148.0
675 150.0
676 153.0
677 155.0
678 156.0
679 156.0
680 157.0
681 158.0
682 159.0
683 160.0
684 160.0
685 161.0
686 162.0
687 162.0
688 163.0
689 163.0
690 164.0
691 164.0
692 165.0
693 165.0
694 165.0
695 166.0
696 166.0
697 166.0
698 166.0
699 167.0
700 167.0
701 167.0
702 167.0
703 168.0
704 168.0
705 168.0
706 168.0
707 168.0
708 169.0
709 169.0
710 169.0
711 169.0
712 169.0
713 169.0
714 169.0
715 170.0
716 170.0
717 170.0
718 170.0
719 170.0
720 170.0
721 170.0
722 171.0
723 171.0
724 171.0
725 171.0
726 171.0
727 171.0
728 172.0
729 172.0
730 172.0
731 172.0
732 172.0
733 172.0
734 172.0
735 172.0
736 173.0
737 173.0
738 173.0
739 173.0
740 173.0
741 173.0
742 174.0
743 174.0
744 174.0
745 174.0
746 174.0
747 174.0
748 175.0
749 175.0
750 175.0
751 175.0
752 175.0
753 175.0
754 176.0
755 176.0
756 176.0
757 176.0
758 176.0
759 176.0
760 177.0
761 177.0
762 177.0
763 177.0
764 178.0
765 178.0
766 178.0
767 178.0
768 178.0
769 179.0
770 179.0
771 179.0
772 179.0
773 180.0
774 180.0
775 180.0
776 181.0
777 181.0
778 181.0
779 182.0
780 182.0
781 183.0
782 184.0
783 185.0
784 186.0
785 186.0
786 187.0
787 188.0
788 188.0
789 190.0
790 191.0
791 192.0
792 193.0
793 194.0
794 195.0
795 196.0
796 196.0
797 197.0
798 198.0
799 199.0
800 200.0
801 201.0
802 201.0
803 202.0
804 204.0
805 205.0
806 206.0
807 207.0
808 209.0
809 210.0
810 212.0
811 213.0
812 214.0
813 216.0
814 219.0
815 220.0
816 222.0
817 223.0
818 225.0
819 227.0
820 228.0
821 230.0
822 231.0
823 233.0
824 234.0
825 235.0
826 237.0
827 239.0
828 240.0
829 242.0
830 243.0
831 244.0
832 245.0
833 246.0
834 247.0
835 249.0
836 250.0
837 251.0
838 252.0
839 253.0
840 254.0
841 255.0
842 255.0
843 256.0
844 257.0
845 258.0
846 258.0
847 259.0
848 259.0
849 260.0
850 261.0
851 261.0
852 262.0
853 262.0
854 263.0
855 263.0
856 264.0
857 264.0
858 265.0
859 265.0
860 266.0
861 266.0
862 266.0
863 267.0
864 267.0
865 268.0
866 268.0
867 268.0
868 269.0
869 269.0
870 269.0
871 270.0
872 270.0
873 270.0
874 270.0
875 271.0
876 271.0
877 272.0
878 272.0
879 272.0
880 272.0
881 273.0
882 273.0
883 274.0
884 274.0
885 274.0
886 275.0
887 275.0
888 275.0
889 276.0
890 276.0
891 276.0
892 277.0
893 277.0
894 277.0
895 278.0
896 278.0
897 278.0
898 279.0
899 279.0
900 279.0
901 280.0
902 280.0
903 280.0
904 281.0
905 281.0
906 282.0
907 282.0
908 282.0
909 283.0
910 283.0
911 284.0
912 284.0
913 285.0
914 285.0
915 286.0
916 286.0
917 287.0
918 288.0
919 288.0
920 289.0
921 289.0
922 290.0
923 291.0
924 291.0
925 292.0
926 293.0
927 294.0
928 295.0
929 296.0
930 297.0
931 298.0
932 299.0
933 300.0
934 301.0
935 302.0
936 303.0
937 304.0
938 305.0
939 306.0
940 308.0
941 309.0
942 311.0
943 313.0
944 315.0
945 317.0
946 319.0
947 322.0
948 324.0
949 326.0
950 328.0
951 329.0
952 331.0
953 333.0
954 335.0
955 336.0
956 338.0
957 339.0
958 341.0
959 343.0
960 345.0
961 347.0
962 348.0
963 350.0
964 352.0
965 353.0
966 354.0
967 356.0
968 357.0
969 358.0
970 359.0
971 361.0
972 362.0
973 363.0
974 363.0
975 364.0
976 365.0
977 366.0
978 367.0
979 368.0
980 369.0
981 369.0
982 370.0
983 371.0
984 372.0
985 373.0
986 374.0
987 375.0
988 376.0
989 377.0
990 378.0
991 379.0
992 381.0
993 383.0
994 384.0
995 386.0
996 388.0
997 390.0
998 394.0
999 397.0
1000 402.0
