1 120.0
2 179.0
3 200.0
4 229.0
5 273.0
6 329.0
7 356.0
8 389.0
9 413.0
10 440.0
11 455.0
12 491.0
13 523.0
14 529.0
15 537.0
16 543.0
17 556.0
18 581.0
19 616.0
20 645.0
21 660.0
22 672.0
23 691.0
24 737.0
25 753.0
26 778.0
27 829.0
28 848.0
29 865.0
30 880.0
31 906.0
32 943.0
33 974.0
34 994.0
35 1022.0
36 1054.0
37 1071.0
38 1104.0
39 1124.0
40 1155.0
41 1196.0
42 1240.0
43 1262.0
44 1309.0
45 1339.0
46 1402.0
47 1433.0
48 1450.0
49 1473.0
50 1505.0
51 1538.0
52 1590.0
53 1619.0
54 1639.0
55 1659.0
56 1672.0
57 1717.0
58 1751.0
59 1781.0
60 1834.0
61 1859.0
62 1909.0
63 1929.0
64 1961.0
65 2005.0
66 2039.0
67 2075.0
68 2086.0
69 2113.0
70 2169.0
71 2197.0
72 2228.0
73 2290.0
74 2306.0
75 2333.0
76 2389.0
77 2460.0
78 2534.0
79 2579.0
80 2640.0
81 2691.0
82 2733.0
83 2776.0
84 2837.0
85 2866.0
86 2928.0
87 2972.0
88 3009.0
89 3150.0
90 3285.0
91 3422.0
92 3469.0
93 3513.0
94 3584.0
95 3688.0
96 3797.0
97 3882.0
98 3984.0
99 4048.0
100 4105.0
