1 32.0
2 32.0
3 32.0
4 33.0
5 33.0
6 33.0
7 33.0
8 33.0
9 33.0
10 33.0
11 33.0
12 33.0
13 33.0
14 33.0
15 33.0
16 33.0
17 34.0
18 34.0
19 34.0
20 34.0
21 34.0
22 34.0
23 34.0
24 34.0
25 34.0
26 34.0
27 34.0
28 34.0
29 34.0
30 34.0
31 34.0
32 34.0
33 34.0
34 34.0
35 34.0
36 34.0
37 34.0
38 34.0
39 34.0
40 34.0
41 34.0
42 34.0
43 34.0
44 34.0
45 34.0
46 34.0
47 34.0
48 34.0
49 34.0
50 35.0
51 35.0
52 35.0
53 35.0
54 35.0
55 35.0
56 35.0
57 35.0
58 35.0
59 35.0
60 35.0
61 35.0
62 35.0
63 35.0
64 35.0
65 35.0
66 35.0
67 35.0
68 35.0
69 35.0
70 35.0
71 35.0
72 35.0
73 35.0
74 35.0
75 35.0
76 35.0
77 36.0
78 36.0
79 36.0
80 36.0
81 36.0
82 36.0
83 36.0
84 36.0
85 36.0
86 36.0
87 37.0
88 37.0
89 37.0
90 38.0
91 38.0
92 39.0
93 39.0
94 40.0
95 41.0
96 41.0
97 42.0
98 42.0
99 43.0
100 43.0
101 43.0
102 44.0
103 44.0
104 45.0
105 45.0
106 46.0
107 46.0
108 46.0
109 46.0
110 46.0
111 46.0
112 46.0
113 46.0
114 47.0
115 47.0
116 47.0
117 47.0
118 47.0
119 47.0
120 47.0
121 47.0
122 47.0
123 47.0
124 47.0
125 47.0
126 47.0
127 47.0
128 47.0
129 47.0
130 47.0
131 47.0
132 48.0
133 48.0
134 48.0
135 48.0
136 48.0
137 48.0
138 48.0
139 48.0
140 48.0
141 48.0
142 48.0
143 48.0
144 48.0
145 48.0
146 48.0
147 48.0
148 48.0
149 48.0
150 48.0
151 48.0
152 48.0
153 48.0
154 48.0
155 48.0
156 48.0
157 48.0
158 48.0
159 48.0
160 48.0
161 49.0
162 49.0
163 49.0
164 49.0
165 49.0
166 49.0
167 49.0
168 49.0
169 49.0
170 49.0
171 49.0
172 49.0
173 49.0
174 49.0
175 49.0
176 49.0
177 49.0
178 49.0
179 49.0
180 49.0
181 49.0
182 49.0
183 49.0
184 49.0
185 49.0
186 49.0
187 49.0
188 49.0
189 49.0
190 49.0
191 50.0
192 50.0
193 50.0
194 50.0
195 50.0
196 50.0
197 50.0
198 50.0
199 50.0
200 50.0
201 50.0
202 50.0
203 50.0
204 50.0
205 50.0
206 50.0
207 50.0
208 50.0
209 50.0
210 50.0
211 50.0
212 50.0
213 50.0
214 50.0
215 50.0
216 50.0
217 50.0
218 50.0
219 50.0
220 50.0
221 50.0
222 50.0
223 50.0
224 50.0
225 50.0
226 50.0
227 50.0
228 50.0
229 50.0
230 50.0
231 50.0
232 50.0
233 51.0
234 51.0
235 51.0
236 51.0
237 51.0
238 51.0
239 51.0
240 51.0
241 51.0
242 51.0
243 51.0
244 51.0
245 51.0
246 51.0
247 51.0
248 51.0
249 51.0
250 51.0
251 51.0
252 51.0
253 51.0
254 51.0
255 51.0
256 51.0
257 51.0
258 51.0
259 51.0
260 51.0
261 51.0
262 51.0
263 51.0
264 51.0
265 51.0
266 51.0
267 51.0
268 51.0
269 51.0
270 51.0
271 51.0
272 51.0
273 51.0
274 51.0
275 51.0
276 51.0
277 51.0
278 51.0
279 51.0
280 51.0
281 51.0
282 51.0
283 52.0
284 52.0
285 52.0
286 52.0
287 52.0
288 52.0
289 52.0
290 52.0
291 52.0
292 52.0
293 52.0
294 52.0
295 52.0
296 52.0
297 52.0
298 52.0
299 52.0
300 52.0
301 52.0
302 52.0
303 52.0
304 52.0
305 52.0
306 52.0
307 52.0
308 52.0
309 52.0
310 52.0
311 52.0
312 52.0
313 52.0
314 52.0
315 52.0
316 52.0
317 52.0
318 52.0
319 52.0
320 52.0
321 52.0
322 52.0
323 52.0
324 53.0
325 53.0
326 53.0
327 53.0
328 53.0
329 53.0
330 53.0
331 53.0
332 53.0
333 53.0
334 53.0
335 53.0
336 53.0
337 53.0
338 53.0
339 53.0
340 53.0
341 53.0
342 53.0
343 53.0
344 53.0
345 53.0
346 53.0
347 53.0
348 53.0
349 53.0
350 53.0
351 53.0
352 53.0
353 53.0
354 54.0
355 54.0
356 54.0
357 54.0
358 54.0
359 54.0
360 54.0
361 54.0
362 54.0
363 54.0
364 54.0
365 54.0
366 54.0
367 54.0
368 54.0
369 54.0
370 54.0
371 54.0
372 54.0
373 54.0
374 54.0
375 54.0
376 54.0
377 54.0
378 54.0
379 54.0
380 54.0
381 54.0
382 54.0
383 54.0
384 55.0
385 55.0
386 55.0
387 55.0
388 55.0
389 55.0
390 55.0
391 55.0
392 55.0
393 55.0
394 55.0
395 55.0
396 55.0
397 55.0
398 55.0
399 55.0
400 55.0
401 55.0
402 55.0
403 55.0
404 55.0
405 55.0
406 55.0
407 55.0
408 55.0
409 55.0
410 55.0
411 56.0
412 56.0
413 56.0
414 56.0
415 56.0
416 56.0
417 56.0
418 56.0
419 56.0
420 56.0
421 56.0
422 56.0
423 56.0
424 56.0
425 56.0
426 56.0
427 56.0
428 56.0
429 56.0
430 56.0
431 57.0
432 57.0
433 57.0
434 57.0
435 57.0
436 57.0
437 57.0
438 57.0
439 57.0
440 57.0
441 57.0
442 57.0
443 57.0
444 58.0
445 58.0
446 58.0
447 58.0
448 58.0
449 58.0
450 58.0
451 58.0
452 58.0
453 58.0
454 59.0
455 59.0
456 59.0
457 59.0
458 59.0
459 59.0
460 59.0
461 60.0
462 60.0
463 60.0
464 60.0
465 60.0
466 60.0
467 60.0
468 60.0
469 61.0
470 61.0
471 61.0
472 61.0
473 61.0
474 61.0
475 62.0
476 62.0
477 62.0
478 62.0
479 62.0
480 62.0
481 62.0
482 63.0
483 63.0
484 63.0
485 63.0
486 63.0
487 63.0
488 63.0
489 63.0
490 63.0
491 64.0
492 64.0
493 64.0
494 64.0
495 64.0
496 64.0
497 64.0
498 64.0
499 64.0
500 65.0
501 65.0
502 65.0
503 65.0
504 65.0
505 65.0
506 65.0
507 65.0
508 65.0
509 65.0
510 66.0
511 66.0
512 66.0
513 66.0
514 66.0
515 66.0
516 66.0
517 66.0
518 66.0
519 66.0
520 66.0
521 67.0
522 67.0
523 67.0
524 67.0
525 67.0
526 67.0
527 67.0
528 67.0
529 67.0
530 67.0
531 67.0
532 68.0
533 68.0
534 68.0
535 68.0
536 68.0
537 68.0
538 68.0
539 68.0
540 68.0
541 68.0
542 68.0
543 68.0
544 68.0
545 69.0
546 69.0
547 69.0
548 69.0
549 69.0
550 69.0
551 69.0
552 69.0
553 69.0
554 69.0
555 69.0
556 69.0
557 69.0
558 69.0
559 69.0
560 69.0
561 70.0
562 70.0
563 70.0
564 70.0
565 70.0
566 70.0
567 70.0
568 70.0
569 70.0
570 70.0
571 70.0
572 70.0
573 70.0
574 70.0
575 70.0
576 70.0
577 71.0
578 71.0
579 71.0
580 71.0
581 71.0
582 71.0
583 71.0
584 71.0
585 71.0
586 71.0
587 71.0
588 71.0
589 71.0
590 71.0
591 71.0
592 72.0
593 72.0
594 72.0
595 72.0
596 72.0
597 72.0
598 72.0
599 72.0
600 72.0
601 72.0
602 72.0
603 72.0
604 72.0
605 73.0
606 73.0
607 73.0
608 73.0
609 73.0
610 73.0
611 73.0
612 73.0
613 73.0
614 73.0
615 73.0
616 74.0
617 74.0
618 74.0
619 74.0
620 74.0
621 74.0
622 74.0
623 74.0
624 74.0
625 75.0
626 75.0
627 75.0
628 75.0
629 75.0
630 75.0
631 75.0
632 75.0
633 76.0
634 76.0
635 76.0
636 76.0
637 76.0
638 76.0
639 77.0
640 77.0
641 77.0
642 77.0
643 77.0
644 77.0
645 77.0
646 78.0
647 78.0
648 78.0
649 78.0
650 78.0
651 79.0
652 79.0
653 79.0
654 79.0
655 79.0
656 79.0
657 80.0
658 80.0
659 80.0
660 80.0
661 81.0
662 81.0
663 81.0
664 81.0
665 81.0
666 81.0
667 82.0
668 82.0
669 82.0
670 82.0
671 82.0
672 82.0
673 83.0
674 83.0
675 83.0
676 83.0
677 83.0
678 84.0
679 84.0
680 84.0
681 84.0
682 84.0
683 85.0
684 85.0
685 85.0
686 85.0
687 86.0
688 86.0
689 87.0
690 88.0
691 89.0
692 90.0
693 91.0
694 92.0
695 94.0
696 95.0
697 97.0
698 99.0
699 101.0
700 105.0
701 107.0
702 108.0
703 111.0
704 115.0
705 121.0
706 125.0
707 127.0
708 128.0
709 129.0
710 129.0
711 130.0
712 130.0
713 131.0
714 131.0
715 131.0
716 132.0
717 132.0
718 132.0
719 133.0
720 133.0
721 133.0
722 133.0
723 134.0
724 134.0
725 134.0
726 135.0
727 135.0
728 135.0
729 135.0
730 136.0
731 136.0
732 136.0
733 136.0
734 136.0
735 137.0
736 137.0
737 137.0
738 137.0
739 138.0
740 138.0
741 138.0
742 138.0
743 138.0
744 139.0
745 139.0
746 139.0
747 139.0
748 139.0
749 140.0
750 140.0
751 140.0
752 140.0
753 141.0
754 141.0
755 141.0
756 141.0
757 141.0
758 142.0
759 142.0
760 143.0
761 143.0
762 144.0
763 144.0
764 145.0
765 145.0
766 146.0
767 147.0
768 147.0
769 148.0
770 149.0
771 151.0
772 151.0
773 152.0
774 153.0
775 154.0
776 154.0
777 155.0
778 156.0
779 156.0
780 157.0
781 157.0
782 158.0
783 158.0
784 159.0
785 159.0
786 160.0
787 160.0
788 160.0
789 161.0
790 161.0
791 161.0
792 162.0
793 162.0
794 162.0
795 163.0
796 163.0
797 163.0
798 163.0
799 164.0
800 164.0
801 164.0
802 164.0
803 165.0
804 165.0
805 165.0
806 166.0
807 166.0
808 166.0
809 166.0
810 167.0
811 167.0
812 167.0
813 167.0
814 168.0
815 168.0
816 168.0
817 169.0
818 169.0
819 169.0
820 170.0
821 170.0
822 170.0
823 171.0
824 171.0
825 171.0
826 171.0
827 172.0
828 172.0
829 172.0
830 173.0
831 173.0
832 173.0
833 174.0
834 174.0
835 174.0
836 175.0
837 175.0
838 175.0
839 176.0
840 176.0
841 176.0
842 177.0
843 177.0
844 177.0
845 178.0
846 178.0
847 179.0
848 179.0
849 179.0
850 180.0
851 180.0
852 181.0
853 182.0
854 183.0
855 183.0
856 184.0
857 185.0
858 186.0
859 186.0
860 187.0
861 188.0
862 189.0
863 190.0
864 191.0
865 192.0
866 193.0
867 194.0
868 194.0
869 195.0
870 196.0
871 196.0
872 197.0
873 198.0
874 198.0
875 199.0
876 201.0
877 202.0
878 205.0
879 207.0
880 210.0
881 212.0
882 214.0
883 217.0
884 218.0
885 219.0
886 221.0
887 222.0
888 223.0
889 224.0
890 225.0
891 226.0
892 227.0
893 228.0
894 229.0
895 230.0
896 231.0
897 231.0
898 232.0
899 233.0
900 234.0
901 235.0
902 236.0
903 237.0
904 237.0
905 238.0
906 239.0
907 240.0
908 241.0
909 241.0
910 242.0
911 243.0
912 244.0
913 244.0
914 245.0
915 246.0
916 247.0
917 248.0
918 249.0
919 250.0
920 251.0
921 252.0
922 253.0
923 254.0
924 255.0
925 256.0
926 257.0
927 258.0
928 259.0
929 260.0
930 260.0
931 261.0
932 262.0
933 263.0
934 263.0
935 264.0
936 265.0
937 265.0
938 266.0
939 266.0
940 267.0
941 267.0
942 268.0
943 268.0
944 269.0
945 270.0
946 270.0
947 271.0
948 271.0
949 272.0
950 272.0
951 273.0
952 274.0
953 275.0
954 275.0
955 276.0
956 277.0
957 277.0
958 278.0
959 279.0
960 280.0
961 281.0
962 282.0
963 282.0
964 283.0
965 284.0
966 285.0
967 286.0
968 287.0
969 289.0
970 290.0
971 292.0
972 293.0
973 295.0
974 297.0
975 300.0
976 303.0
977 306.0
978 309.0
979 313.0
980 319.0
981 324.0
982 327.0
983 331.0
984 334.0
985 338.0
986 340.0
987 343.0
988 346.0
989 348.0
990 349.0
991 352.0
992 353.0
993 355.0
994 357.0
995 359.0
996 361.0
997 364.0
998 367.0
999 369.0
1000 372.0
