1 21.0
2 22.0
3 24.0
4 27.0
5 28.0
6 30.0
7 30.0
8 31.0
9 32.0
10 33.0
11 34.0
12 36.0
13 38.0
14 40.0
15 43.0
16 45.0
17 46.0
18 47.0
19 48.0
20 49.0
21 50.0
22 51.0
23 52.0
24 53.0
25 54.0
26 56.0
27 57.0
28 58.0
29 59.0
30 60.0
31 61.0
32 61.0
33 61.0
34 62.0
35 62.0
36 62.0
37 62.0
38 63.0
39 63.0
40 63.0
41 63.0
42 64.0
43 64.0
44 64.0
45 64.0
46 64.0
47 65.0
48 65.0
49 65.0
50 65.0
51 65.0
52 66.0
53 66.0
54 66.0
55 66.0
56 67.0
57 67.0
58 67.0
59 67.0
60 67.0
61 68.0
62 68.0
63 68.0
64 69.0
65 69.0
66 69.0
67 69.0
68 70.0
69 70.0
70 70.0
71 70.0
72 71.0
73 71.0
74 72.0
75 72.0
76 73.0
77 73.0
78 73.0
79 74.0
80 75.0
81 75.0
82 76.0
83 76.0
84 77.0
85 78.0
86 78.0
87 79.0
88 79.0
89 80.0
90 80.0
91 80.0
92 81.0
93 81.0
94 82.0
95 82.0
96 83.0
97 83.0
98 83.0
99 84.0
100 84.0
101 85.0
102 85.0
103 85.0
104 86.0
105 86.0
106 87.0
107 87.0
108 87.0
109 88.0
110 88.0
111 89.0
112 89.0
113 90.0
114 91.0
115 91.0
116 92.0
117 92.0
118 93.0
119 93.0
120 94.0
121 94.0
122 95.0
123 95.0
124 96.0
125 97.0
126 97.0
127 98.0
128 98.0
129 99.0
130 99.0
131 100.0
132 100.0
133 101.0
134 102.0
135 102.0
136 103.0
137 103.0
138 104.0
139 105.0
140 105.0
141 106.0
142 107.0
143 107.0
144 108.0
145 108.0
146 109.0
147 109.0
148 110.0
149 110.0
150 111.0
151 111.0
152 111.0
153 112.0
154 112.0
155 112.0
156 113.0
157 113.0
158 113.0
159 114.0
160 114.0
161 114.0
162 114.0
163 115.0
164 115.0
165 115.0
166 115.0
167 115.0
168 116.0
169 116.0
170 116.0
171 116.0
172 116.0
173 117.0
174 117.0
175 117.0
176 117.0
177 117.0
178 117.0
179 118.0
180 118.0
181 118.0
182 118.0
183 118.0
184 118.0
185 119.0
186 119.0
187 119.0
188 119.0
189 119.0
190 119.0
191 119.0
192 120.0
193 120.0
194 120.0
195 120.0
196 120.0
197 120.0
198 120.0
199 121.0
200 121.0
201 121.0
202 121.0
203 121.0
204 121.0
205 121.0
206 122.0
207 122.0
208 122.0
209 122.0
210 122.0
211 122.0
212 122.0
213 123.0
214 123.0
215 123.0
216 123.0
217 123.0
218 123.0
219 123.0
220 124.0
221 124.0
222 124.0
223 124.0
224 124.0
225 125.0
226 125.0
227 125.0
228 125.0
229 125.0
230 125.0
231 126.0
232 126.0
233 126.0
234 126.0
235 126.0
236 127.0
237 127.0
238 127.0
239 127.0
240 127.0
241 128.0
242 128.0
243 128.0
244 128.0
245 128.0
246 128.0
247 129.0
248 129.0
249 129.0
250 129.0
251 129.0
252 130.0
253 130.0
254 130.0
255 130.0
256 130.0
257 131.0
258 131.0
259 131.0
260 131.0
261 131.0
262 132.0
263 132.0
264 132.0
265 132.0
266 132.0
267 133.0
268 133.0
269 133.0
270 133.0
271 133.0
272 134.0
273 134.0
274 134.0
275 135.0
276 135.0
277 135.0
278 135.0
279 136.0
280 136.0
281 136.0
282 137.0
283 137.0
284 137.0
285 138.0
286 138.0
287 139.0
288 139.0
289 140.0
290 140.0
291 140.0
292 141.0
293 141.0
294 142.0
295 142.0
296 142.0
297 143.0
298 143.0
299 144.0
300 144.0
301 145.0
302 145.0
303 146.0
304 146.0
305 147.0
306 147.0
307 148.0
308 148.0
309 149.0
310 149.0
311 149.0
312 150.0
313 150.0
314 151.0
315 151.0
316 152.0
317 152.0
318 152.0
319 153.0
320 153.0
321 153.0
322 154.0
323 154.0
324 154.0
325 154.0
326 155.0
327 155.0
328 155.0
329 155.0
330 156.0
331 156.0
332 156.0
333 156.0
334 157.0
335 157.0
336 157.0
337 157.0
338 157.0
339 158.0
340 158.0
341 158.0
342 158.0
343 158.0
344 158.0
345 159.0
346 159.0
347 159.0
348 159.0
349 159.0
350 159.0
351 159.0
352 160.0
353 160.0
354 160.0
355 160.0
356 160.0
357 160.0
358 160.0
359 160.0
360 160.0
361 161.0
362 161.0
363 161.0
364 161.0
365 161.0
366 161.0
367 161.0
368 161.0
369 161.0
370 161.0
371 162.0
372 162.0
373 162.0
374 162.0
375 162.0
376 162.0
377 162.0
378 162.0
379 162.0
380 162.0
381 163.0
382 163.0
383 163.0
384 163.0
385 163.0
386 163.0
387 163.0
388 163.0
389 163.0
390 163.0
391 163.0
392 164.0
393 164.0
394 164.0
395 164.0
396 164.0
397 164.0
398 164.0
399 164.0
400 164.0
401 164.0
402 164.0
403 164.0
404 164.0
405 165.0
406 165.0
407 165.0
408 165.0
409 165.0
410 165.0
411 165.0
412 165.0
413 165.0
414 165.0
415 165.0
416 165.0
417 165.0
418 166.0
419 166.0
420 166.0
421 166.0
422 166.0
423 166.0
424 166.0
425 166.0
426 166.0
427 166.0
428 166.0
429 166.0
430 166.0
431 166.0
432 167.0
433 167.0
434 167.0
435 167.0
436 167.0
437 167.0
438 167.0
439 167.0
440 167.0
441 167.0
442 167.0
443 167.0
444 167.0
445 167.0
446 168.0
447 168.0
448 168.0
449 168.0
450 168.0
451 168.0
452 168.0
453 168.0
454 168.0
455 168.0
456 168.0
457 168.0
458 168.0
459 169.0
460 169.0
461 169.0
462 169.0
463 169.0
464 169.0
465 169.0
466 169.0
467 169.0
468 169.0
469 169.0
470 169.0
471 169.0
472 170.0
473 170.0
474 170.0
475 170.0
476 170.0
477 170.0
478 170.0
479 170.0
480 170.0
481 170.0
482 170.0
483 170.0
484 171.0
485 171.0
486 171.0
487 171.0
488 171.0
489 171.0
490 171.0
491 171.0
492 171.0
493 171.0
494 171.0
495 171.0
496 172.0
497 172.0
498 172.0
499 172.0
500 172.0
501 172.0
502 172.0
503 172.0
504 172.0
505 172.0
506 173.0
507 173.0
508 173.0
509 173.0
510 173.0
511 173.0
512 173.0
513 173.0
514 173.0
515 173.0
516 174.0
517 174.0
518 174.0
519 174.0
520 174.0
521 174.0
522 174.0
523 175.0
524 175.0
525 175.0
526 175.0
527 175.0
528 175.0
529 176.0
530 176.0
531 176.0
532 176.0
533 176.0
534 176.0
535 177.0
536 177.0
537 177.0
538 177.0
539 177.0
540 178.0
541 178.0
542 178.0
543 178.0
544 178.0
545 179.0
546 179.0
547 179.0
548 179.0
549 180.0
550 180.0
551 180.0
552 181.0
553 181.0
554 181.0
555 182.0
556 182.0
557 183.0
558 183.0
559 184.0
560 184.0
561 185.0
562 185.0
563 186.0
564 186.0
565 187.0
566 187.0
567 188.0
568 188.0
569 189.0
570 190.0
571 191.0
572 192.0
573 193.0
574 194.0
575 195.0
576 196.0
577 197.0
578 197.0
579 198.0
580 199.0
581 200.0
582 201.0
583 202.0
584 203.0
585 204.0
586 205.0
587 207.0
588 208.0
589 209.0
590 210.0
591 211.0
592 212.0
593 213.0
594 214.0
595 214.0
596 215.0
597 216.0
598 216.0
599 216.0
600 217.0
601 218.0
602 218.0
603 219.0
604 220.0
605 222.0
606 223.0
607 224.0
608 225.0
609 226.0
610 227.0
611 228.0
612 229.0
613 230.0
614 231.0
615 231.0
616 232.0
617 232.0
618 233.0
619 233.0
620 234.0
621 235.0
622 235.0
623 236.0
624 237.0
625 237.0
626 238.0
627 239.0
628 240.0
629 240.0
630 241.0
631 242.0
632 243.0
633 244.0
634 245.0
635 245.0
636 246.0
637 247.0
638 247.0
639 248.0
640 249.0
641 249.0
642 250.0
643 251.0
644 251.0
645 252.0
646 252.0
647 253.0
648 253.0
649 254.0
650 255.0
651 255.0
652 256.0
653 257.0
654 258.0
655 259.0
656 260.0
657 261.0
658 262.0
659 263.0
660 264.0
661 265.0
662 266.0
663 267.0
664 268.0
665 269.0
666 270.0
667 271.0
668 272.0
669 273.0
670 274.0
671 275.0
672 276.0
673 277.0
674 278.0
675 279.0
676 280.0
677 281.0
678 282.0
679 284.0
680 285.0
681 286.0
682 287.0
683 288.0
684 289.0
685 290.0
686 291.0
687 292.0
688 292.0
689 293.0
690 294.0
691 295.0
692 295.0
693 296.0
694 297.0
695 298.0
696 299.0
697 300.0
698 301.0
699 302.0
700 302.0
701 304.0
702 305.0
703 307.0
704 308.0
705 309.0
706 310.0
707 310.0
708 311.0
709 312.0
710 313.0
711 314.0
712 315.0
713 316.0
714 317.0
715 318.0
716 319.0
717 320.0
718 321.0
719 322.0
720 323.0
721 324.0
722 325.0
723 327.0
724 328.0
725 328.0
726 329.0
727 330.0
728 330.0
729 331.0
730 332.0
731 333.0
732 334.0
733 334.0
734 335.0
735 336.0
736 337.0
737 337.0
738 338.0
739 338.0
740 339.0
741 340.0
742 340.0
743 341.0
744 342.0
745 342.0
746 343.0
747 344.0
748 344.0
749 345.0
750 346.0
751 346.0
752 347.0
753 347.0
754 348.0
755 349.0
756 349.0
757 350.0
758 351.0
759 351.0
760 352.0
761 352.0
762 353.0
763 354.0
764 354.0
765 355.0
766 355.0
767 356.0
768 356.0
769 357.0
770 357.0
771 358.0
772 358.0
773 359.0
774 359.0
775 360.0
776 360.0
777 361.0
778 361.0
779 362.0
780 362.0
781 363.0
782 363.0
783 364.0
784 364.0
785 365.0
786 366.0
787 366.0
788 367.0
789 367.0
790 368.0
791 369.0
792 370.0
793 371.0
794 371.0
795 372.0
796 373.0
797 374.0
798 375.0
799 376.0
800 376.0
801 377.0
802 377.0
803 378.0
804 379.0
805 380.0
806 380.0
807 381.0
808 382.0
809 383.0
810 384.0
811 384.0
812 385.0
813 386.0
814 387.0
815 389.0
816 390.0
817 391.0
818 393.0
819 394.0
820 395.0
821 397.0
822 398.0
823 400.0
824 401.0
825 402.0
826 404.0
827 405.0
828 407.0
829 410.0
830 412.0
831 415.0
832 418.0
833 421.0
834 425.0
835 428.0
836 435.0
837 442.0
838 449.0
839 464.0
840 475.0
841 481.0
842 490.0
843 503.0
844 516.0
845 527.0
846 540.0
847 555.0
848 565.0
849 573.0
850 584.0
851 596.0
852 603.0
853 607.0
854 614.0
855 621.0
856 628.0
857 639.0
858 646.0
859 657.0
860 667.0
861 674.0
862 681.0
863 689.0
864 696.0
865 703.0
866 712.0
867 723.0
868 732.0
869 743.0
870 750.0
871 761.0
872 773.0
873 785.0
874 796.0
875 802.0
876 810.0
877 822.0
878 837.0
879 848.0
880 860.0
881 870.0
882 878.0
883 885.0
884 894.0
885 910.0
886 923.0
887 935.0
888 947.0
889 961.0
890 968.0
891 974.0
892 985.0
893 1005.0
894 1017.0
895 1025.0
896 1033.0
897 1045.0
898 1060.0
899 1072.0
900 1088.0
901 1105.0
902 1127.0
903 1141.0
904 1153.0
905 1161.0
906 1174.0
907 1192.0
908 1210.0
909 1223.0
910 1242.0
911 1258.0
912 1273.0
913 1283.0
914 1298.0
915 1319.0
916 1323.0
917 1330.0
918 1351.0
919 1368.0
920 1380.0
921 1401.0
922 1414.0
923 1428.0
924 1455.0
925 1485.0
926 1508.0
927 1522.0
928 1536.0
929 1558.0
930 1563.0
931 1574.0
932 1585.0
933 1607.0
934 1619.0
935 1633.0
936 1652.0
937 1664.0
938 1697.0
939 1723.0
940 1747.0
941 1769.0
942 1786.0
943 1805.0
944 1823.0
945 1846.0
946 1867.0
947 1876.0
948 1891.0
949 1912.0
950 1928.0
951 1947.0
952 1964.0
953 1988.0
954 2018.0
955 2038.0
956 2063.0
957 2084.0
958 2108.0
959 2127.0
960 2158.0
961 2189.0
962 2228.0
963 2258.0
964 2290.0
965 2328.0
966 2382.0
967 2407.0
968 2419.0
969 2450.0
970 2474.0
971 2540.0
972 2576.0
973 2598.0
974 2621.0
975 2654.0
976 2674.0
977 2714.0
978 2725.0
979 2766.0
980 2815.0
981 2848.0
982 2873.0
983 2918.0
984 2925.0
985 2980.0
986 3048.0
987 3110.0
988 3178.0
989 3290.0
990 3353.0
991 3449.0
992 3539.0
993 3630.0
994 3692.0
995 3746.0
996 3758.0
997 3785.0
998 3915.0
999 3962.0
1000 3985.0
