1 28.0
2 28.0
3 28.0
4 28.0
5 28.0
6 28.0
7 28.0
8 28.0
9 28.0
10 29.0
11 29.0
12 29.0
13 29.0
14 29.0
15 29.0
16 29.0
17 29.0
18 29.0
19 29.0
20 29.0
21 29.0
22 29.0
23 29.0
24 29.0
25 29.0
26 29.0
27 29.0
28 29.0
29 29.0
30 29.0
31 29.0
32 29.0
33 29.0
34 29.0
35 29.0
36 29.0
37 29.0
38 29.0
39 29.0
40 29.0
41 29.0
42 29.0
43 29.0
44 29.0
45 29.0
46 29.0
47 29.0
48 29.0
49 29.0
50 29.0
51 29.0
52 29.0
53 29.0
54 29.0
55 29.0
56 29.0
57 29.0
58 29.0
59 30.0
60 30.0
61 30.0
62 30.0
63 30.0
64 30.0
65 30.0
66 30.0
67 30.0
68 30.0
69 30.0
70 30.0
71 30.0
72 30.0
73 30.0
74 30.0
75 30.0
76 30.0
77 30.0
78 30.0
79 30.0
80 30.0
81 30.0
82 30.0
83 30.0
84 30.0
85 30.0
86 30.0
87 30.0
88 30.0
89 30.0
90 30.0
91 30.0
92 30.0
93 30.0
94 30.0
95 30.0
96 30.0
97 30.0
98 30.0
99 30.0
100 30.0
101 30.0
102 30.0
103 30.0
104 30.0
105 30.0
106 30.0
107 30.0
108 30.0
109 30.0
110 30.0
111 30.0
112 30.0
113 30.0
114 30.0
115 30.0
116 30.0
117 30.0
118 30.0
119 30.0
120 30.0
121 30.0
122 30.0
123 30.0
124 30.0
125 30.0
126 30.0
127 30.0
128 30.0
129 30.0
130 30.0
131 30.0
132 30.0
133 30.0
134 30.0
135 30.0
136 30.0
137 30.0
138 30.0
139 30.0
140 30.0
141 30.0
142 30.0
143 30.0
144 30.0
145 30.0
146 30.0
147 30.0
148 30.0
149 30.0
150 30.0
151 30.0
152 30.0
153 30.0
154 30.0
155 31.0
156 31.0
157 31.0
158 31.0
159 31.0
160 31.0
161 31.0
162 31.0
163 31.0
164 31.0
165 31.0
166 31.0
167 31.0
168 31.0
169 31.0
170 31.0
171 31.0
172 31.0
173 31.0
174 31.0
175 31.0
176 31.0
177 31.0
178 31.0
179 31.0
180 31.0
181 31.0
182 31.0
183 31.0
184 31.0
185 31.0
186 31.0
187 31.0
188 31.0
189 31.0
190 31.0
191 31.0
192 31.0
193 31.0
194 31.0
195 31.0
196 31.0
197 31.0
198 31.0
199 31.0
200 31.0
201 31.0
202 31.0
203 31.0
204 31.0
205 31.0
206 31.0
207 31.0
208 31.0
209 31.0
210 31.0
211 31.0
212 31.0
213 31.0
214 31.0
215 31.0
216 31.0
217 31.0
218 31.0
219 31.0
220 31.0
221 32.0
222 32.0
223 32.0
224 32.0
225 32.0
226 32.0
227 32.0
228 32.0
229 32.0
230 32.0
231 32.0
232 32.0
233 32.0
234 32.0
235 32.0
236 32.0
237 32.0
238 32.0
239 33.0
240 33.0
241 35.0
242 39.0
243 40.0
244 40.0
245 40.0
246 40.0
247 40.0
248 41.0
249 41.0
250 41.0
251 41.0
252 41.0
253 41.0
254 41.0
255 41.0
256 41.0
257 41.0
258 41.0
259 41.0
260 41.0
261 41.0
262 41.0
263 41.0
264 42.0
265 42.0
266 42.0
267 42.0
268 42.0
269 42.0
270 42.0
271 42.0
272 42.0
273 42.0
274 42.0
275 42.0
276 42.0
277 42.0
278 42.0
279 42.0
280 42.0
281 42.0
282 42.0
283 42.0
284 42.0
285 42.0
286 42.0
287 42.0
288 42.0
289 42.0
290 42.0
291 42.0
292 42.0
293 42.0
294 42.0
295 42.0
296 42.0
297 42.0
298 42.0
299 42.0
300 43.0
301 43.0
302 43.0
303 43.0
304 43.0
305 43.0
306 43.0
307 43.0
308 43.0
309 43.0
310 43.0
311 43.0
312 43.0
313 43.0
314 43.0
315 43.0
316 43.0
317 43.0
318 43.0
319 43.0
320 43.0
321 43.0
322 43.0
323 43.0
324 43.0
325 43.0
326 43.0
327 43.0
328 43.0
329 43.0
330 43.0
331 43.0
332 43.0
333 43.0
334 43.0
335 43.0
336 43.0
337 43.0
338 43.0
339 43.0
340 43.0
341 43.0
342 43.0
343 43.0
344 43.0
345 43.0
346 43.0
347 43.0
348 43.0
349 44.0
350 44.0
351 44.0
352 44.0
353 44.0
354 44.0
355 44.0
356 44.0
357 44.0
358 44.0
359 44.0
360 44.0
361 44.0
362 44.0
363 44.0
364 44.0
365 44.0
366 44.0
367 44.0
368 44.0
369 44.0
370 44.0
371 44.0
372 44.0
373 44.0
374 44.0
375 44.0
376 44.0
377 44.0
378 44.0
379 44.0
380 44.0
381 44.0
382 44.0
383 44.0
384 44.0
385 44.0
386 44.0
387 44.0
388 44.0
389 44.0
390 44.0
391 44.0
392 45.0
393 45.0
394 45.0
395 45.0
396 45.0
397 45.0
398 45.0
399 45.0
400 45.0
401 45.0
402 45.0
403 45.0
404 45.0
405 45.0
406 45.0
407 45.0
408 45.0
409 45.0
410 45.0
411 45.0
412 45.0
413 45.0
414 45.0
415 45.0
416 45.0
417 45.0
418 45.0
419 45.0
420 46.0
421 46.0
422 46.0
423 46.0
424 46.0
425 46.0
426 46.0
427 46.0
428 46.0
429 46.0
430 46.0
431 46.0
432 46.0
433 46.0
434 46.0
435 46.0
436 46.0
437 46.0
438 46.0
439 46.0
440 46.0
441 46.0
442 46.0
443 46.0
444 46.0
445 46.0
446 46.0
447 46.0
448 46.0
449 46.0
450 46.0
451 46.0
452 47.0
453 47.0
454 47.0
455 47.0
456 47.0
457 47.0
458 47.0
459 47.0
460 47.0
461 47.0
462 47.0
463 47.0
464 47.0
465 47.0
466 47.0
467 47.0
468 47.0
469 47.0
470 47.0
471 47.0
472 47.0
473 47.0
474 47.0
475 47.0
476 47.0
477 47.0
478 47.0
479 47.0
480 47.0
481 47.0
482 47.0
483 47.0
484 47.0
485 47.0
486 47.0
487 47.0
488 47.0
489 47.0
490 47.0
491 47.0
492 47.0
493 47.0
494 47.0
495 47.0
496 47.0
497 47.0
498 47.0
499 47.0
500 47.0
501 47.0
502 47.0
503 47.0
504 47.0
505 47.0
506 48.0
507 48.0
508 48.0
509 48.0
510 48.0
511 48.0
512 48.0
513 48.0
514 48.0
515 48.0
516 48.0
517 48.0
518 48.0
519 48.0
520 48.0
521 48.0
522 48.0
523 48.0
524 48.0
525 48.0
526 48.0
527 48.0
528 48.0
529 48.0
530 48.0
531 48.0
532 48.0
533 48.0
534 48.0
535 48.0
536 48.0
537 48.0
538 48.0
539 48.0
540 48.0
541 48.0
542 48.0
543 48.0
544 48.0
545 48.0
546 48.0
547 48.0
548 48.0
549 48.0
550 48.0
551 48.0
552 48.0
553 48.0
554 48.0
555 48.0
556 48.0
557 48.0
558 48.0
559 48.0
560 48.0
561 48.0
562 48.0
563 48.0
564 48.0
565 48.0
566 48.0
567 48.0
568 48.0
569 48.0
570 48.0
571 48.0
572 48.0
573 48.0
574 48.0
575 48.0
576 48.0
577 48.0
578 49.0
579 49.0
580 49.0
581 49.0
582 49.0
583 49.0
584 49.0
585 49.0
586 49.0
587 49.0
588 49.0
589 49.0
590 49.0
591 49.0
592 49.0
593 49.0
594 49.0
595 49.0
596 49.0
597 49.0
598 49.0
599 49.0
600 49.0
601 49.0
602 49.0
603 49.0
604 49.0
605 49.0
606 49.0
607 49.0
608 49.0
609 49.0
610 49.0
611 49.0
612 49.0
613 49.0
614 49.0
615 49.0
616 49.0
617 49.0
618 49.0
619 49.0
620 49.0
621 49.0
622 49.0
623 49.0
624 49.0
625 49.0
626 49.0
627 49.0
628 49.0
629 49.0
630 49.0
631 49.0
632 49.0
633 49.0
634 49.0
635 49.0
636 49.0
637 49.0
638 49.0
639 49.0
640 49.0
641 49.0
642 49.0
643 49.0
644 49.0
645 49.0
646 49.0
647 49.0
648 50.0
649 50.0
650 50.0
651 50.0
652 50.0
653 50.0
654 50.0
655 50.0
656 50.0
657 50.0
658 50.0
659 50.0
660 50.0
661 50.0
662 50.0
663 50.0
664 50.0
665 50.0
666 50.0
667 50.0
668 50.0
669 50.0
670 50.0
671 50.0
672 50.0
673 50.0
674 50.0
675 50.0
676 50.0
677 50.0
678 50.0
679 50.0
680 50.0
681 50.0
682 50.0
683 50.0
684 50.0
685 50.0
686 50.0
687 50.0
688 50.0
689 50.0
690 50.0
691 51.0
692 51.0
693 51.0
694 51.0
695 51.0
696 51.0
697 51.0
698 51.0
699 51.0
700 51.0
701 51.0
702 51.0
703 51.0
704 51.0
705 51.0
706 51.0
707 51.0
708 51.0
709 51.0
710 52.0
711 52.0
712 52.0
713 52.0
714 52.0
715 52.0
716 53.0
717 58.0
718 61.0
719 66.0
720 69.0
721 71.0
722 108.0
723 111.0
724 112.0
725 112.0
726 113.0
727 113.0
728 114.0
729 114.0
730 114.0
731 115.0
732 115.0
733 115.0
734 115.0
735 115.0
736 116.0
737 116.0
738 116.0
739 116.0
740 116.0
741 117.0
742 117.0
743 117.0
744 117.0
745 117.0
746 117.0
747 118.0
748 118.0
749 118.0
750 118.0
751 118.0
752 118.0
753 119.0
754 119.0
755 119.0
756 119.0
757 119.0
758 119.0
759 119.0
760 120.0
761 120.0
762 120.0
763 120.0
764 120.0
765 120.0
766 121.0
767 121.0
768 121.0
769 121.0
770 121.0
771 122.0
772 122.0
773 122.0
774 122.0
775 123.0
776 123.0
777 123.0
778 124.0
779 124.0
780 125.0
781 126.0
782 127.0
783 129.0
784 138.0
785 140.0
786 141.0
787 142.0
788 142.0
789 143.0
790 143.0
791 144.0
792 144.0
793 144.0
794 144.0
795 145.0
796 145.0
797 145.0
798 146.0
799 146.0
800 146.0
801 146.0
802 147.0
803 147.0
804 147.0
805 148.0
806 148.0
807 148.0
808 148.0
809 148.0
810 149.0
811 149.0
812 149.0
813 149.0
814 150.0
815 150.0
816 150.0
817 150.0
818 151.0
819 151.0
820 151.0
821 151.0
822 152.0
823 152.0
824 152.0
825 152.0
826 153.0
827 153.0
828 153.0
829 154.0
830 154.0
831 154.0
832 155.0
833 155.0
834 155.0
835 155.0
836 156.0
837 156.0
838 156.0
839 156.0
840 157.0
841 157.0
842 157.0
843 157.0
844 158.0
845 158.0
846 158.0
847 159.0
848 159.0
849 159.0
850 159.0
851 160.0
852 160.0
853 160.0
854 160.0
855 161.0
856 161.0
857 161.0
858 161.0
859 162.0
860 162.0
861 162.0
862 162.0
863 163.0
864 163.0
865 163.0
866 163.0
867 164.0
868 164.0
869 164.0
870 165.0
871 165.0
872 166.0
873 167.0
874 167.0
875 168.0
876 170.0
877 173.0
878 219.0
879 223.0
880 224.0
881 226.0
882 227.0
883 228.0
884 229.0
885 230.0
886 230.0
887 231.0
888 232.0
889 233.0
890 233.0
891 234.0
892 235.0
893 235.0
894 236.0
895 236.0
896 237.0
897 238.0
898 238.0
899 239.0
900 240.0
901 241.0
902 242.0
903 242.0
904 243.0
905 245.0
906 246.0
907 247.0
908 248.0
909 250.0
910 251.0
911 252.0
912 254.0
913 255.0
914 256.0
915 257.0
916 258.0
917 258.0
918 259.0
919 260.0
920 261.0
921 261.0
922 262.0
923 263.0
924 263.0
925 264.0
926 265.0
927 265.0
928 266.0
929 266.0
930 267.0
931 268.0
932 269.0
933 269.0
934 270.0
935 271.0
936 271.0
937 272.0
938 273.0
939 274.0
940 275.0
941 275.0
942 276.0
943 277.0
944 277.0
945 278.0
946 279.0
947 280.0
948 280.0
949 281.0
950 282.0
951 282.0
952 283.0
953 284.0
954 284.0
955 285.0
956 286.0
957 287.0
958 288.0
959 289.0
960 290.0
961 291.0
962 292.0
963 294.0
964 298.0
965 304.0
966 374.0
967 378.0
968 381.0
969 382.0
970 384.0
971 385.0
972 386.0
973 387.0
974 388.0
975 389.0
976 389.0
977 390.0
978 391.0
979 392.0
980 393.0
981 393.0
982 394.0
983 395.0
984 395.0
985 396.0
986 397.0
987 397.0
988 398.0
989 399.0
990 399.0
991 400.0
992 401.0
993 401.0
994 402.0
995 403.0
996 404.0
997 405.0
998 406.0
999 407.0
1000 409.0
