1 26.0
2 27.0
3 27.0
4 27.0
5 28.0
6 28.0
7 28.0
8 28.0
9 29.0
10 29.0
11 30.0
12 31.0
13 31.0
14 33.0
15 34.0
16 35.0
17 36.0
18 37.0
19 38.0
20 40.0
21 41.0
22 41.0
23 42.0
24 43.0
25 43.0
26 44.0
27 45.0
28 45.0
29 46.0
30 46.0
31 46.0
32 47.0
33 47.0
34 47.0
35 48.0
36 48.0
37 48.0
38 49.0
39 49.0
40 49.0
41 50.0
42 50.0
43 50.0
44 50.0
45 51.0
46 51.0
47 51.0
48 51.0
49 52.0
50 52.0
51 52.0
52 52.0
53 53.0
54 53.0
55 53.0
56 53.0
57 53.0
58 54.0
59 54.0
60 54.0
61 54.0
62 55.0
63 55.0
64 55.0
65 55.0
66 55.0
67 55.0
68 56.0
69 56.0
70 56.0
71 56.0
72 56.0
73 56.0
74 57.0
75 57.0
76 57.0
77 57.0
78 57.0
79 57.0
80 58.0
81 58.0
82 58.0
83 58.0
84 58.0
85 58.0
86 59.0
87 59.0
88 59.0
89 59.0
90 59.0
91 59.0
92 59.0
93 59.0
94 60.0
95 60.0
96 60.0
97 60.0
98 60.0
99 60.0
100 60.0
101 61.0
102 61.0
103 61.0
104 61.0
105 61.0
106 61.0
107 61.0
108 61.0
109 61.0
110 62.0
111 62.0
112 62.0
113 62.0
114 62.0
115 62.0
116 62.0
117 62.0
118 62.0
119 63.0
120 63.0
121 63.0
122 63.0
123 63.0
124 63.0
125 63.0
126 63.0
127 63.0
128 63.0
129 64.0
130 64.0
131 64.0
132 64.0
133 64.0
134 64.0
135 64.0
136 64.0
137 64.0
138 64.0
139 64.0
140 64.0
141 65.0
142 65.0
143 65.0
144 65.0
145 65.0
146 65.0
147 65.0
148 65.0
149 65.0
150 65.0
151 65.0
152 65.0
153 65.0
154 66.0
155 66.0
156 66.0
157 66.0
158 66.0
159 66.0
160 66.0
161 66.0
162 66.0
163 66.0
164 66.0
165 66.0
166 66.0
167 66.0
168 66.0
169 67.0
170 67.0
171 67.0
172 67.0
173 67.0
174 67.0
175 67.0
176 67.0
177 67.0
178 67.0
179 67.0
180 67.0
181 67.0
182 67.0
183 67.0
184 67.0
185 67.0
186 67.0
187 68.0
188 68.0
189 68.0
190 68.0
191 68.0
192 68.0
193 68.0
194 68.0
195 68.0
196 68.0
197 68.0
198 68.0
199 68.0
200 68.0
201 68.0
202 68.0
203 68.0
204 68.0
205 68.0
206 68.0
207 69.0
208 69.0
209 69.0
210 69.0
211 69.0
212 69.0
213 69.0
214 69.0
215 69.0
216 69.0
217 69.0
218 69.0
219 69.0
220 69.0
221 69.0
222 69.0
223 69.0
224 69.0
225 69.0
226 69.0
227 69.0
228 69.0
229 70.0
230 70.0
231 70.0
232 70.0
233 70.0
234 70.0
235 70.0
236 70.0
237 70.0
238 70.0
239 70.0
240 70.0
241 70.0
242 70.0
243 70.0
244 70.0
245 70.0
246 70.0
247 70.0
248 70.0
249 70.0
250 70.0
251 70.0
252 71.0
253 71.0
254 71.0
255 71.0
256 71.0
257 71.0
258 71.0
259 71.0
260 71.0
261 71.0
262 71.0
263 71.0
264 71.0
265 71.0
266 71.0
267 71.0
268 71.0
269 71.0
270 71.0
271 71.0
272 71.0
273 71.0
274 71.0
275 72.0
276 72.0
277 72.0
278 72.0
279 72.0
280 72.0
281 72.0
282 72.0
283 72.0
284 72.0
285 72.0
286 72.0
287 72.0
288 72.0
289 72.0
290 72.0
291 72.0
292 72.0
293 72.0
294 72.0
295 72.0
296 72.0
297 73.0
298 73.0
299 73.0
300 73.0
301 73.0
302 73.0
303 73.0
304 73.0
305 73.0
306 73.0
307 73.0
308 73.0
309 73.0
310 73.0
311 73.0
312 73.0
313 73.0
314 73.0
315 73.0
316 73.0
317 73.0
318 74.0
319 74.0
320 74.0
321 74.0
322 74.0
323 74.0
324 74.0
325 74.0
326 74.0
327 74.0
328 74.0
329 74.0
330 74.0
331 74.0
332 74.0
333 74.0
334 74.0
335 74.0
336 74.0
337 75.0
338 75.0
339 75.0
340 75.0
341 75.0
342 75.0
343 75.0
344 75.0
345 75.0
346 75.0
347 75.0
348 75.0
349 75.0
350 75.0
351 75.0
352 75.0
353 75.0
354 75.0
355 75.0
356 75.0
357 76.0
358 76.0
359 76.0
360 76.0
361 76.0
362 76.0
363 76.0
364 76.0
365 76.0
366 76.0
367 76.0
368 76.0
369 76.0
370 76.0
371 76.0
372 76.0
373 76.0
374 76.0
375 77.0
376 77.0
377 77.0
378 77.0
379 77.0
380 77.0
381 77.0
382 77.0
383 77.0
384 77.0
385 77.0
386 77.0
387 77.0
388 77.0
389 77.0
390 77.0
391 77.0
392 78.0
393 78.0
394 78.0
395 78.0
396 78.0
397 78.0
398 78.0
399 78.0
400 78.0
401 78.0
402 78.0
403 78.0
404 78.0
405 78.0
406 78.0
407 78.0
408 79.0
409 79.0
410 79.0
411 79.0
412 79.0
413 79.0
414 79.0
415 79.0
416 79.0
417 79.0
418 79.0
419 79.0
420 79.0
421 79.0
422 79.0
423 79.0
424 79.0
425 80.0
426 80.0
427 80.0
428 80.0
429 80.0
430 80.0
431 80.0
432 80.0
433 80.0
434 80.0
435 80.0
436 80.0
437 80.0
438 80.0
439 80.0
440 80.0
441 80.0
442 81.0
443 81.0
444 81.0
445 81.0
446 81.0
447 81.0
448 81.0
449 81.0
450 81.0
451 81.0
452 81.0
453 81.0
454 81.0
455 81.0
456 81.0
457 81.0
458 81.0
459 81.0
460 82.0
461 82.0
462 82.0
463 82.0
464 82.0
465 82.0
466 82.0
467 82.0
468 82.0
469 82.0
470 82.0
471 82.0
472 82.0
473 82.0
474 82.0
475 82.0
476 82.0
477 83.0
478 83.0
479 83.0
480 83.0
481 83.0
482 83.0
483 83.0
484 83.0
485 83.0
486 83.0
487 83.0
488 83.0
489 83.0
490 83.0
491 83.0
492 83.0
493 83.0
494 83.0
495 83.0
496 84.0
497 84.0
498 84.0
499 84.0
500 84.0
501 84.0
502 84.0
503 84.0
504 84.0
505 84.0
506 84.0
507 84.0
508 84.0
509 84.0
510 84.0
511 84.0
512 84.0
513 85.0
514 85.0
515 85.0
516 85.0
517 85.0
518 85.0
519 85.0
520 85.0
521 85.0
522 85.0
523 85.0
524 85.0
525 85.0
526 85.0
527 85.0
528 86.0
529 86.0
530 86.0
531 86.0
532 86.0
533 86.0
534 86.0
535 86.0
536 86.0
537 86.0
538 86.0
539 86.0
540 86.0
541 87.0
542 87.0
543 87.0
544 87.0
545 87.0
546 87.0
547 87.0
548 87.0
549 87.0
550 87.0
551 87.0
552 87.0
553 87.0
554 88.0
555 88.0
556 88.0
557 88.0
558 88.0
559 88.0
560 88.0
561 88.0
562 88.0
563 88.0
564 88.0
565 89.0
566 89.0
567 89.0
568 89.0
569 89.0
570 89.0
571 89.0
572 89.0
573 89.0
574 89.0
575 89.0
576 90.0
577 90.0
578 90.0
579 90.0
580 90.0
581 90.0
582 90.0
583 90.0
584 90.0
585 91.0
586 91.0
587 91.0
588 91.0
589 91.0
590 91.0
591 91.0
592 91.0
593 92.0
594 92.0
595 92.0
596 92.0
597 92.0
598 92.0
599 92.0
600 93.0
601 93.0
602 93.0
603 93.0
604 93.0
605 93.0
606 94.0
607 94.0
608 94.0
609 94.0
610 94.0
611 94.0
612 95.0
613 95.0
614 95.0
615 95.0
616 95.0
617 96.0
618 96.0
619 96.0
620 96.0
621 97.0
622 97.0
623 97.0
624 97.0
625 98.0
626 98.0
627 98.0
628 99.0
629 99.0
630 99.0
631 100.0
632 100.0
633 101.0
634 102.0
635 103.0
636 104.0
637 105.0
638 106.0
639 108.0
640 110.0
641 113.0
642 115.0
643 117.0
644 119.0
645 121.0
646 123.0
647 125.0
648 126.0
649 127.0
650 128.0
651 129.0
652 130.0
653 131.0
654 131.0
655 132.0
656 132.0
657 133.0
658 134.0
659 134.0
660 135.0
661 135.0
662 136.0
663 136.0
664 137.0
665 137.0
666 138.0
667 138.0
668 139.0
669 139.0
670 140.0
671 140.0
672 141.0
673 141.0
674 142.0
675 142.0
676 142.0
677 143.0
678 143.0
679 144.0
680 144.0
681 145.0
682 145.0
683 145.0
684 146.0
685 146.0
686 147.0
687 147.0
688 148.0
689 148.0
690 149.0
691 149.0
692 149.0
693 150.0
694 150.0
695 151.0
696 151.0
697 151.0
698 152.0
699 152.0
700 153.0
701 153.0
702 153.0
703 154.0
704 154.0
705 154.0
706 154.0
707 155.0
708 155.0
709 155.0
710 156.0
711 156.0
712 156.0
713 157.0
714 157.0
715 157.0
716 158.0
717 158.0
718 158.0
719 158.0
720 159.0
721 159.0
722 159.0
723 159.0
724 160.0
725 160.0
726 160.0
727 161.0
728 161.0
729 161.0
730 161.0
731 162.0
732 162.0
733 162.0
734 162.0
735 163.0
736 163.0
737 163.0
738 163.0
739 164.0
740 164.0
741 164.0
742 165.0
743 165.0
744 165.0
745 165.0
746 166.0
747 166.0
748 166.0
749 166.0
750 167.0
751 167.0
752 167.0
753 167.0
754 168.0
755 168.0
756 168.0
757 169.0
758 169.0
759 169.0
760 169.0
761 170.0
762 170.0
763 170.0
764 171.0
765 171.0
766 171.0
767 171.0
768 172.0
769 172.0
770 172.0
771 173.0
772 173.0
773 173.0
774 174.0
775 174.0
776 174.0
777 174.0
778 175.0
779 175.0
780 175.0
781 176.0
782 176.0
783 176.0
784 177.0
785 177.0
786 177.0
787 178.0
788 178.0
789 178.0
790 179.0
791 179.0
792 180.0
793 180.0
794 180.0
795 181.0
796 181.0
797 181.0
798 182.0
799 182.0
800 183.0
801 183.0
802 184.0
803 184.0
804 184.0
805 185.0
806 186.0
807 186.0
808 187.0
809 187.0
810 188.0
811 189.0
812 190.0
813 190.0
814 191.0
815 192.0
816 193.0
817 194.0
818 195.0
819 196.0
820 198.0
821 199.0
822 200.0
823 201.0
824 203.0
825 204.0
826 206.0
827 208.0
828 209.0
829 211.0
830 213.0
831 214.0
832 216.0
833 218.0
834 220.0
835 222.0
836 224.0
837 225.0
838 227.0
839 229.0
840 230.0
841 232.0
842 233.0
843 235.0
844 236.0
845 237.0
846 238.0
847 239.0
848 240.0
849 241.0
850 242.0
851 243.0
852 244.0
853 245.0
854 245.0
855 246.0
856 247.0
857 248.0
858 248.0
859 249.0
860 249.0
861 250.0
862 251.0
863 251.0
864 252.0
865 252.0
866 253.0
867 253.0
868 254.0
869 254.0
870 255.0
871 255.0
872 256.0
873 256.0
874 257.0
875 257.0
876 258.0
877 258.0
878 259.0
879 259.0
880 260.0
881 260.0
882 261.0
883 261.0
884 262.0
885 262.0
886 263.0
887 263.0
888 264.0
889 264.0
890 265.0
891 265.0
892 265.0
893 266.0
894 266.0
895 267.0
896 267.0
897 268.0
898 268.0
899 269.0
900 269.0
901 269.0
902 270.0
903 270.0
904 271.0
905 271.0
906 272.0
907 272.0
908 273.0
909 273.0
910 274.0
911 274.0
912 275.0
913 275.0
914 276.0
915 276.0
916 276.0
917 277.0
918 277.0
919 278.0
920 278.0
921 279.0
922 279.0
923 280.0
924 280.0
925 281.0
926 281.0
927 282.0
928 283.0
929 283.0
930 284.0
931 284.0
932 285.0
933 285.0
934 286.0
935 287.0
936 287.0
937 288.0
938 289.0
939 290.0
940 291.0
941 291.0
942 292.0
943 294.0
944 294.0
945 296.0
946 297.0
947 298.0
948 299.0
949 301.0
950 302.0
951 304.0
952 306.0
953 308.0
954 311.0
955 314.0
956 317.0
957 321.0
958 325.0
959 328.0
960 332.0
961 335.0
962 337.0
963 339.0
964 342.0
965 344.0
966 346.0
967 348.0
968 349.0
969 351.0
970 353.0
971 354.0
972 355.0
973 357.0
974 359.0
975 360.0
976 361.0
977 363.0
978 364.0
979 365.0
980 367.0
981 368.0
982 370.0
983 371.0
984 373.0
985 375.0
986 376.0
987 378.0
988 380.0
989 382.0
990 384.0
991 387.0
992 389.0
993 392.0
994 395.0
995 398.0
996 403.0
997 412.0
998 421.0
999 429.0
1000 436.0
