1 17.0
2 18.0
3 18.0
4 19.0
5 22.0
6 24.0
7 24.0
8 25.0
9 25.0
10 25.0
11 25.0
12 25.0
13 25.0
14 25.0
15 25.0
16 26.0
17 26.0
18 26.0
19 26.0
20 26.0
21 26.0
22 26.0
23 26.0
24 26.0
25 26.0
26 26.0
27 26.0
28 26.0
29 26.0
30 26.0
31 26.0
32 26.0
33 26.0
34 26.0
35 26.0
36 26.0
37 26.0
38 27.0
39 27.0
40 27.0
41 27.0
42 27.0
43 27.0
44 27.0
45 27.0
46 27.0
47 27.0
48 27.0
49 27.0
50 27.0
51 27.0
52 27.0
53 27.0
54 27.0
55 27.0
56 27.0
57 27.0
58 27.0
59 27.0
60 27.0
61 27.0
62 27.0
63 27.0
64 27.0
65 27.0
66 27.0
67 27.0
68 27.0
69 27.0
70 27.0
71 28.0
72 28.0
73 28.0
74 28.0
75 28.0
76 28.0
77 28.0
78 28.0
79 28.0
80 28.0
81 28.0
82 28.0
83 28.0
84 28.0
85 28.0
86 28.0
87 28.0
88 28.0
89 28.0
90 28.0
91 28.0
92 28.0
93 28.0
94 28.0
95 28.0
96 28.0
97 29.0
98 29.0
99 29.0
100 29.0
101 29.0
102 29.0
103 29.0
104 29.0
105 29.0
106 30.0
107 30.0
108 30.0
109 31.0
110 31.0
111 32.0
112 32.0
113 32.0
114 33.0
115 33.0
116 34.0
117 34.0
118 35.0
119 35.0
120 36.0
121 36.0
122 37.0
123 37.0
124 37.0
125 38.0
126 38.0
127 38.0
128 38.0
129 39.0
130 39.0
131 39.0
132 39.0
133 39.0
134 39.0
135 39.0
136 40.0
137 40.0
138 40.0
139 40.0
140 40.0
141 40.0
142 40.0
143 40.0
144 40.0
145 40.0
146 40.0
147 40.0
148 41.0
149 41.0
150 41.0
151 41.0
152 41.0
153 41.0
154 41.0
155 41.0
156 41.0
157 41.0
158 41.0
159 41.0
160 41.0
161 41.0
162 41.0
163 41.0
164 41.0
165 42.0
166 42.0
167 42.0
168 42.0
169 42.0
170 42.0
171 42.0
172 42.0
173 42.0
174 42.0
175 42.0
176 42.0
177 42.0
178 42.0
179 42.0
180 42.0
181 42.0
182 42.0
183 42.0
184 43.0
185 43.0
186 43.0
187 43.0
188 43.0
189 43.0
190 43.0
191 43.0
192 43.0
193 43.0
194 43.0
195 43.0
196 43.0
197 43.0
198 43.0
199 43.0
200 43.0
201 43.0
202 44.0
203 44.0
204 44.0
205 44.0
206 44.0
207 44.0
208 44.0
209 44.0
210 44.0
211 44.0
212 44.0
213 44.0
214 44.0
215 44.0
216 44.0
217 44.0
218 44.0
219 44.0
220 45.0
221 45.0
222 45.0
223 45.0
224 45.0
225 45.0
226 45.0
227 45.0
228 45.0
229 45.0
230 45.0
231 45.0
232 45.0
233 45.0
234 45.0
235 45.0
236 46.0
237 46.0
238 46.0
239 46.0
240 46.0
241 46.0
242 46.0
243 46.0
244 46.0
245 46.0
246 46.0
247 47.0
248 47.0
249 47.0
250 47.0
251 47.0
252 47.0
253 48.0
254 48.0
255 48.0
256 48.0
257 48.0
258 49.0
259 49.0
260 49.0
261 49.0
262 50.0
263 50.0
264 51.0
265 51.0
266 51.0
267 52.0
268 52.0
269 52.0
270 53.0
271 53.0
272 53.0
273 54.0
274 54.0
275 54.0
276 54.0
277 54.0
278 55.0
279 55.0
280 55.0
281 55.0
282 55.0
283 55.0
284 56.0
285 56.0
286 56.0
287 56.0
288 56.0
289 56.0
290 56.0
291 56.0
292 57.0
293 57.0
294 57.0
295 57.0
296 57.0
297 57.0
298 57.0
299 57.0
300 57.0
301 57.0
302 58.0
303 58.0
304 58.0
305 58.0
306 58.0
307 58.0
308 58.0
309 58.0
310 58.0
311 58.0
312 58.0
313 58.0
314 58.0
315 59.0
316 59.0
317 59.0
318 59.0
319 59.0
320 59.0
321 59.0
322 59.0
323 59.0
324 59.0
325 59.0
326 59.0
327 59.0
328 59.0
329 59.0
330 59.0
331 60.0
332 60.0
333 60.0
334 60.0
335 60.0
336 60.0
337 60.0
338 60.0
339 60.0
340 60.0
341 60.0
342 60.0
343 60.0
344 60.0
345 60.0
346 61.0
347 61.0
348 61.0
349 61.0
350 61.0
351 61.0
352 61.0
353 61.0
354 61.0
355 61.0
356 61.0
357 61.0
358 61.0
359 61.0
360 61.0
361 61.0
362 62.0
363 62.0
364 62.0
365 62.0
366 62.0
367 62.0
368 62.0
369 62.0
370 62.0
371 62.0
372 62.0
373 63.0
374 63.0
375 63.0
376 63.0
377 63.0
378 63.0
379 63.0
380 63.0
381 64.0
382 64.0
383 64.0
384 64.0
385 65.0
386 65.0
387 65.0
388 65.0
389 66.0
390 66.0
391 66.0
392 67.0
393 67.0
394 67.0
395 68.0
396 68.0
397 69.0
398 69.0
399 69.0
400 70.0
401 70.0
402 71.0
403 71.0
404 72.0
405 72.0
406 73.0
407 73.0
408 73.0
409 74.0
410 74.0
411 74.0
412 75.0
413 75.0
414 76.0
415 76.0
416 77.0
417 77.0
418 78.0
419 78.0
420 79.0
421 79.0
422 79.0
423 80.0
424 80.0
425 80.0
426 81.0
427 81.0
428 82.0
429 82.0
430 82.0
431 83.0
432 83.0
433 83.0
434 84.0
435 84.0
436 85.0
437 85.0
438 85.0
439 86.0
440 86.0
441 87.0
442 87.0
443 87.0
444 87.0
445 88.0
446 88.0
447 88.0
448 89.0
449 89.0
450 89.0
451 90.0
452 90.0
453 90.0
454 91.0
455 91.0
456 92.0
457 92.0
458 92.0
459 93.0
460 93.0
461 94.0
462 94.0
463 94.0
464 95.0
465 95.0
466 96.0
467 96.0
468 96.0
469 97.0
470 97.0
471 98.0
472 98.0
473 99.0
474 99.0
475 100.0
476 100.0
477 101.0
478 101.0
479 102.0
480 102.0
481 103.0
482 103.0
483 103.0
484 104.0
485 104.0
486 105.0
487 105.0
488 106.0
489 106.0
490 107.0
491 108.0
492 108.0
493 109.0
494 109.0
495 109.0
496 110.0
497 110.0
498 110.0
499 111.0
500 111.0
501 111.0
502 112.0
503 112.0
504 112.0
505 112.0
506 113.0
507 113.0
508 113.0
509 113.0
510 114.0
511 114.0
512 114.0
513 114.0
514 114.0
515 115.0
516 115.0
517 115.0
518 115.0
519 115.0
520 116.0
521 116.0
522 116.0
523 116.0
524 116.0
525 117.0
526 117.0
527 117.0
528 117.0
529 117.0
530 118.0
531 118.0
532 118.0
533 119.0
534 119.0
535 119.0
536 120.0
537 120.0
538 120.0
539 120.0
540 121.0
541 121.0
542 122.0
543 122.0
544 123.0
545 123.0
546 124.0
547 124.0
548 125.0
549 126.0
550 126.0
551 127.0
552 128.0
553 129.0
554 130.0
555 131.0
556 131.0
557 132.0
558 133.0
559 133.0
560 134.0
561 135.0
562 135.0
563 136.0
564 136.0
565 137.0
566 138.0
567 138.0
568 139.0
569 140.0
570 140.0
571 141.0
572 142.0
573 142.0
574 143.0
575 143.0
576 144.0
577 145.0
578 145.0
579 146.0
580 147.0
581 147.0
582 147.0
583 148.0
584 148.0
585 149.0
586 149.0
587 150.0
588 150.0
589 151.0
590 151.0
591 151.0
592 152.0
593 152.0
594 152.0
595 153.0
596 153.0
597 153.0
598 153.0
599 154.0
600 154.0
601 154.0
602 154.0
603 155.0
604 155.0
605 155.0
606 155.0
607 155.0
608 156.0
609 156.0
610 156.0
611 156.0
612 156.0
613 157.0
614 157.0
615 157.0
616 157.0
617 157.0
618 157.0
619 158.0
620 158.0
621 158.0
622 158.0
623 158.0
624 158.0
625 158.0
626 159.0
627 159.0
628 159.0
629 159.0
630 159.0
631 159.0
632 159.0
633 160.0
634 160.0
635 160.0
636 160.0
637 160.0
638 160.0
639 160.0
640 160.0
641 161.0
642 161.0
643 161.0
644 161.0
645 161.0
646 161.0
647 161.0
648 161.0
649 162.0
650 162.0
651 162.0
652 162.0
653 162.0
654 162.0
655 162.0
656 162.0
657 163.0
658 163.0
659 163.0
660 163.0
661 163.0
662 163.0
663 163.0
664 163.0
665 163.0
666 163.0
667 164.0
668 164.0
669 164.0
670 164.0
671 164.0
672 164.0
673 164.0
674 164.0
675 165.0
676 165.0
677 165.0
678 165.0
679 165.0
680 165.0
681 165.0
682 166.0
683 166.0
684 166.0
685 166.0
686 166.0
687 166.0
688 166.0
689 167.0
690 167.0
691 167.0
692 167.0
693 167.0
694 167.0
695 167.0
696 168.0
697 168.0
698 168.0
699 168.0
700 168.0
701 169.0
702 169.0
703 169.0
704 169.0
705 169.0
706 170.0
707 170.0
708 170.0
709 170.0
710 171.0
711 171.0
712 171.0
713 171.0
714 172.0
715 172.0
716 172.0
717 173.0
718 173.0
719 173.0
720 174.0
721 174.0
722 175.0
723 176.0
724 176.0
725 177.0
726 178.0
727 179.0
728 180.0
729 181.0
730 181.0
731 182.0
732 183.0
733 184.0
734 185.0
735 185.0
736 186.0
737 187.0
738 188.0
739 189.0
740 190.0
741 191.0
742 192.0
743 193.0
744 193.0
745 195.0
746 196.0
747 197.0
748 198.0
749 199.0
750 200.0
751 200.0
752 201.0
753 202.0
754 203.0
755 204.0
756 205.0
757 206.0
758 207.0
759 208.0
760 209.0
761 210.0
762 211.0
763 212.0
764 213.0
765 214.0
766 215.0
767 216.0
768 216.0
769 217.0
770 218.0
771 219.0
772 220.0
773 221.0
774 223.0
775 223.0
776 224.0
777 225.0
778 226.0
779 227.0
780 228.0
781 229.0
782 230.0
783 231.0
784 232.0
785 234.0
786 234.0
787 236.0
788 237.0
789 238.0
790 239.0
791 240.0
792 241.0
793 242.0
794 243.0
795 244.0
796 245.0
797 246.0
798 247.0
799 249.0
800 250.0
801 250.0
802 251.0
803 252.0
804 253.0
805 255.0
806 256.0
807 256.0
808 258.0
809 259.0
810 260.0
811 261.0
812 262.0
813 263.0
814 264.0
815 265.0
816 266.0
817 268.0
818 269.0
819 270.0
820 271.0
821 272.0
822 273.0
823 275.0
824 276.0
825 277.0
826 278.0
827 279.0
828 280.0
829 281.0
830 283.0
831 284.0
832 286.0
833 287.0
834 289.0
835 290.0
836 292.0
837 294.0
838 296.0
839 297.0
840 299.0
841 301.0
842 303.0
843 304.0
844 305.0
845 307.0
846 308.0
847 310.0
848 311.0
849 313.0
850 315.0
851 316.0
852 318.0
853 320.0
854 321.0
855 323.0
856 325.0
857 326.0
858 328.0
859 330.0
860 331.0
861 333.0
862 335.0
863 336.0
864 338.0
865 340.0
866 342.0
867 344.0
868 346.0
869 347.0
870 349.0
871 351.0
872 353.0
873 355.0
874 357.0
875 359.0
876 360.0
877 362.0
878 364.0
879 365.0
880 368.0
881 370.0
882 371.0
883 374.0
884 375.0
885 378.0
886 379.0
887 381.0
888 382.0
889 384.0
890 386.0
891 388.0
892 389.0
893 391.0
894 394.0
895 396.0
896 398.0
897 401.0
898 403.0
899 405.0
900 407.0
901 410.0
902 413.0
903 415.0
904 418.0
905 420.0
906 423.0
907 425.0
908 428.0
909 431.0
910 435.0
911 437.0
912 440.0
913 444.0
914 447.0
915 451.0
916 454.0
917 457.0
918 460.0
919 464.0
920 468.0
921 471.0
922 475.0
923 479.0
924 484.0
925 488.0
926 493.0
927 498.0
928 503.0
929 507.0
930 511.0
931 514.0
932 518.0
933 522.0
934 527.0
935 532.0
936 537.0
937 543.0
938 548.0
939 554.0
940 560.0
941 565.0
942 570.0
943 576.0
944 583.0
945 590.0
946 595.0
947 601.0
948 608.0
949 614.0
950 622.0
951 631.0
952 638.0
953 647.0
954 655.0
955 665.0
956 672.0
957 679.0
958 688.0
959 697.0
960 705.0
961 713.0
962 724.0
963 737.0
964 752.0
965 763.0
966 781.0
967 796.0
968 809.0
969 818.0
970 831.0
971 851.0
972 867.0
973 881.0
974 904.0
975 927.0
976 951.0
977 975.0
978 1006.0
979 1041.0
980 1066.0
981 1092.0
982 1131.0
983 1156.0
984 1196.0
985 1239.0
986 1292.0
987 1341.0
988 1429.0
989 1509.0
990 1580.0
991 1659.0
992 1779.0
993 1937.0
994 2058.0
995 2169.0
996 2272.0
997 2431.0
998 2553.0
999 2708.0
1000 2981.0
