1 28.0
2 29.0
3 29.0
4 29.0
5 29.0
6 29.0
7 30.0
8 30.0
9 30.0
10 30.0
11 30.0
12 30.0
13 30.0
14 30.0
15 31.0
16 31.0
17 31.0
18 31.0
19 31.0
20 31.0
21 31.0
22 32.0
23 32.0
24 58.0
25 58.0
26 59.0
27 60.0
28 60.0
29 60.0
30 61.0
31 61.0
32 61.0
33 62.0
34 62.0
35 62.0
36 63.0
37 63.0
38 64.0
39 65.0
40 68.0
41 68.0
42 69.0
43 69.0
44 69.0
45 70.0
46 70.0
47 70.0
48 70.0
49 70.0
50 70.0
51 71.0
52 71.0
53 71.0
54 71.0
55 71.0
56 72.0
57 72.0
58 72.0
59 72.0
60 72.0
61 72.0
62 72.0
63 73.0
64 73.0
65 73.0
66 73.0
67 73.0
68 74.0
69 74.0
70 75.0
71 95.0
72 111.0
73 115.0
74 117.0
75 119.0
76 120.0
77 122.0
78 246.0
79 260.0
80 268.0
81 274.0
82 278.0
83 281.0
84 283.0
85 285.0
86 287.0
87 291.0
88 294.0
89 298.0
90 302.0
91 305.0
92 309.0
93 345.0
94 365.0
95 373.0
96 379.0
97 386.0
98 392.0
99 396.0
100 402.0
