1 30.0
2 30.0
3 30.0
4 30.0
5 31.0
6 31.0
7 31.0
8 31.0
9 31.0
10 31.0
11 31.0
12 31.0
13 31.0
14 31.0
15 32.0
16 32.0
17 32.0
18 32.0
19 32.0
20 32.0
21 32.0
22 32.0
23 32.0
24 32.0
25 32.0
26 32.0
27 32.0
28 32.0
29 33.0
30 33.0
31 33.0
32 33.0
33 33.0
34 33.0
35 33.0
36 33.0
37 33.0
38 34.0
39 34.0
40 34.0
41 34.0
42 34.0
43 35.0
44 35.0
45 35.0
46 35.0
47 36.0
48 36.0
49 36.0
50 36.0
51 37.0
52 37.0
53 37.0
54 38.0
55 38.0
56 38.0
57 39.0
58 39.0
59 40.0
60 40.0
61 40.0
62 41.0
63 41.0
64 41.0
65 42.0
66 42.0
67 42.0
68 43.0
69 43.0
70 43.0
71 44.0
72 44.0
73 44.0
74 44.0
75 45.0
76 45.0
77 45.0
78 45.0
79 45.0
80 45.0
81 46.0
82 46.0
83 46.0
84 46.0
85 46.0
86 46.0
87 46.0
88 46.0
89 46.0
90 47.0
91 47.0
92 47.0
93 47.0
94 47.0
95 47.0
96 47.0
97 47.0
98 47.0
99 47.0
100 47.0
101 47.0
102 47.0
103 47.0
104 47.0
105 47.0
106 47.0
107 47.0
108 47.0
109 47.0
110 47.0
111 48.0
112 48.0
113 48.0
114 48.0
115 48.0
116 48.0
117 48.0
118 48.0
119 48.0
120 48.0
121 48.0
122 48.0
123 48.0
124 48.0
125 48.0
126 48.0
127 48.0
128 48.0
129 48.0
130 48.0
131 48.0
132 48.0
133 48.0
134 48.0
135 48.0
136 48.0
137 48.0
138 48.0
139 48.0
140 48.0
141 48.0
142 48.0
143 48.0
144 48.0
145 48.0
146 48.0
147 48.0
148 48.0
149 48.0
150 48.0
151 48.0
152 48.0
153 48.0
154 48.0
155 48.0
156 49.0
157 49.0
158 49.0
159 49.0
160 49.0
161 49.0
162 49.0
163 49.0
164 49.0
165 49.0
166 49.0
167 49.0
168 49.0
169 49.0
170 49.0
171 49.0
172 49.0
173 49.0
174 49.0
175 49.0
176 49.0
177 49.0
178 49.0
179 49.0
180 49.0
181 49.0
182 49.0
183 49.0
184 49.0
185 49.0
186 49.0
187 49.0
188 49.0
189 49.0
190 49.0
191 49.0
192 49.0
193 49.0
194 49.0
195 49.0
196 49.0
197 49.0
198 49.0
199 49.0
200 49.0
201 49.0
202 49.0
203 49.0
204 49.0
205 49.0
206 49.0
207 49.0
208 49.0
209 49.0
210 49.0
211 49.0
212 49.0
213 49.0
214 49.0
215 49.0
216 49.0
217 49.0
218 49.0
219 49.0
220 49.0
221 49.0
222 49.0
223 49.0
224 49.0
225 49.0
226 49.0
227 49.0
228 49.0
229 49.0
230 49.0
231 49.0
232 49.0
233 49.0
234 49.0
235 49.0
236 50.0
237 50.0
238 50.0
239 50.0
240 50.0
241 50.0
242 50.0
243 50.0
244 50.0
245 50.0
246 50.0
247 50.0
248 50.0
249 50.0
250 50.0
251 50.0
252 50.0
253 50.0
254 50.0
255 50.0
256 50.0
257 50.0
258 50.0
259 50.0
260 50.0
261 50.0
262 50.0
263 50.0
264 50.0
265 50.0
266 50.0
267 50.0
268 50.0
269 50.0
270 50.0
271 50.0
272 50.0
273 50.0
274 50.0
275 50.0
276 50.0
277 50.0
278 50.0
279 50.0
280 50.0
281 50.0
282 50.0
283 50.0
284 50.0
285 50.0
286 50.0
287 50.0
288 50.0
289 50.0
290 50.0
291 50.0
292 50.0
293 50.0
294 50.0
295 50.0
296 50.0
297 50.0
298 50.0
299 50.0
300 50.0
301 50.0
302 50.0
303 50.0
304 50.0
305 50.0
306 50.0
307 50.0
308 50.0
309 50.0
310 50.0
311 50.0
312 50.0
313 50.0
314 50.0
315 50.0
316 50.0
317 50.0
318 50.0
319 50.0
320 50.0
321 50.0
322 50.0
323 50.0
324 50.0
325 50.0
326 50.0
327 50.0
328 50.0
329 50.0
330 50.0
331 50.0
332 51.0
333 51.0
334 51.0
335 51.0
336 51.0
337 51.0
338 51.0
339 51.0
340 51.0
341 51.0
342 51.0
343 51.0
344 51.0
345 51.0
346 51.0
347 51.0
348 51.0
349 51.0
350 51.0
351 51.0
352 51.0
353 51.0
354 51.0
355 51.0
356 51.0
357 51.0
358 51.0
359 51.0
360 51.0
361 51.0
362 51.0
363 51.0
364 51.0
365 51.0
366 51.0
367 51.0
368 51.0
369 51.0
370 51.0
371 51.0
372 51.0
373 51.0
374 51.0
375 51.0
376 51.0
377 51.0
378 51.0
379 51.0
380 51.0
381 51.0
382 51.0
383 51.0
384 51.0
385 51.0
386 51.0
387 51.0
388 51.0
389 51.0
390 51.0
391 51.0
392 51.0
393 51.0
394 51.0
395 51.0
396 51.0
397 51.0
398 51.0
399 51.0
400 51.0
401 51.0
402 51.0
403 51.0
404 51.0
405 51.0
406 51.0
407 51.0
408 51.0
409 51.0
410 51.0
411 51.0
412 51.0
413 51.0
414 51.0
415 51.0
416 51.0
417 51.0
418 51.0
419 51.0
420 52.0
421 52.0
422 52.0
423 52.0
424 52.0
425 52.0
426 52.0
427 52.0
428 52.0
429 52.0
430 52.0
431 52.0
432 52.0
433 52.0
434 52.0
435 52.0
436 52.0
437 52.0
438 52.0
439 52.0
440 52.0
441 52.0
442 52.0
443 52.0
444 52.0
445 52.0
446 52.0
447 52.0
448 52.0
449 52.0
450 52.0
451 52.0
452 52.0
453 52.0
454 52.0
455 52.0
456 52.0
457 52.0
458 52.0
459 52.0
460 52.0
461 52.0
462 52.0
463 52.0
464 52.0
465 52.0
466 52.0
467 52.0
468 52.0
469 52.0
470 52.0
471 52.0
472 52.0
473 52.0
474 52.0
475 52.0
476 52.0
477 52.0
478 52.0
479 52.0
480 52.0
481 53.0
482 53.0
483 53.0
484 53.0
485 53.0
486 53.0
487 53.0
488 53.0
489 53.0
490 53.0
491 53.0
492 53.0
493 53.0
494 53.0
495 53.0
496 53.0
497 53.0
498 53.0
499 53.0
500 53.0
501 53.0
502 53.0
503 53.0
504 53.0
505 53.0
506 53.0
507 53.0
508 53.0
509 53.0
510 53.0
511 53.0
512 53.0
513 53.0
514 53.0
515 53.0
516 53.0
517 53.0
518 53.0
519 53.0
520 54.0
521 54.0
522 54.0
523 54.0
524 54.0
525 54.0
526 54.0
527 54.0
528 54.0
529 54.0
530 54.0
531 54.0
532 54.0
533 54.0
534 54.0
535 54.0
536 54.0
537 54.0
538 54.0
539 54.0
540 54.0
541 54.0
542 54.0
543 55.0
544 55.0
545 55.0
546 55.0
547 55.0
548 55.0
549 55.0
550 55.0
551 55.0
552 55.0
553 55.0
554 55.0
555 55.0
556 55.0
557 55.0
558 55.0
559 55.0
560 56.0
561 56.0
562 56.0
563 56.0
564 56.0
565 56.0
566 56.0
567 56.0
568 56.0
569 56.0
570 56.0
571 57.0
572 57.0
573 57.0
574 57.0
575 57.0
576 57.0
577 57.0
578 57.0
579 57.0
580 57.0
581 58.0
582 58.0
583 58.0
584 58.0
585 58.0
586 58.0
587 59.0
588 59.0
589 59.0
590 59.0
591 59.0
592 59.0
593 60.0
594 60.0
595 60.0
596 60.0
597 60.0
598 61.0
599 61.0
600 61.0
601 61.0
602 62.0
603 62.0
604 62.0
605 63.0
606 63.0
607 63.0
608 63.0
609 64.0
610 64.0
611 65.0
612 65.0
613 66.0
614 66.0
615 66.0
616 67.0
617 67.0
618 68.0
619 69.0
620 69.0
621 70.0
622 70.0
623 71.0
624 71.0
625 72.0
626 72.0
627 73.0
628 73.0
629 74.0
630 74.0
631 75.0
632 76.0
633 76.0
634 77.0
635 77.0
636 78.0
637 78.0
638 79.0
639 79.0
640 80.0
641 81.0
642 81.0
643 82.0
644 83.0
645 83.0
646 84.0
647 85.0
648 85.0
649 86.0
650 87.0
651 88.0
652 88.0
653 89.0
654 90.0
655 91.0
656 92.0
657 92.0
658 93.0
659 94.0
660 95.0
661 95.0
662 96.0
663 97.0
664 98.0
665 98.0
666 99.0
667 100.0
668 101.0
669 102.0
670 103.0
671 104.0
672 105.0
673 106.0
674 107.0
675 108.0
676 109.0
677 109.0
678 110.0
679 111.0
680 111.0
681 112.0
682 112.0
683 113.0
684 113.0
685 113.0
686 114.0
687 114.0
688 114.0
689 114.0
690 115.0
691 115.0
692 115.0
693 115.0
694 116.0
695 116.0
696 116.0
697 116.0
698 116.0
699 117.0
700 117.0
701 117.0
702 117.0
703 117.0
704 118.0
705 118.0
706 118.0
707 118.0
708 118.0
709 119.0
710 119.0
711 119.0
712 119.0
713 120.0
714 120.0
715 120.0
716 120.0
717 120.0
718 121.0
719 121.0
720 121.0
721 121.0
722 122.0
723 122.0
724 122.0
725 122.0
726 123.0
727 123.0
728 123.0
729 124.0
730 124.0
731 124.0
732 125.0
733 125.0
734 126.0
735 126.0
736 126.0
737 127.0
738 127.0
739 128.0
740 128.0
741 129.0
742 130.0
743 130.0
744 131.0
745 132.0
746 133.0
747 133.0
748 134.0
749 135.0
750 135.0
751 136.0
752 137.0
753 138.0
754 139.0
755 140.0
756 141.0
757 142.0
758 143.0
759 144.0
760 145.0
761 146.0
762 147.0
763 148.0
764 149.0
765 149.0
766 150.0
767 151.0
768 151.0
769 152.0
770 152.0
771 153.0
772 153.0
773 154.0
774 154.0
775 154.0
776 155.0
777 155.0
778 156.0
779 156.0
780 157.0
781 157.0
782 157.0
783 158.0
784 158.0
785 159.0
786 159.0
787 160.0
788 160.0
789 160.0
790 161.0
791 161.0
792 162.0
793 162.0
794 163.0
795 163.0
796 164.0
797 164.0
798 164.0
799 165.0
800 165.0
801 166.0
802 166.0
803 166.0
804 167.0
805 167.0
806 167.0
807 168.0
808 168.0
809 169.0
810 169.0
811 170.0
812 170.0
813 171.0
814 171.0
815 171.0
816 172.0
817 172.0
818 173.0
819 174.0
820 174.0
821 175.0
822 176.0
823 177.0
824 177.0
825 178.0
826 179.0
827 180.0
828 182.0
829 183.0
830 184.0
831 185.0
832 187.0
833 188.0
834 190.0
835 192.0
836 193.0
837 195.0
838 197.0
839 199.0
840 200.0
841 202.0
842 203.0
843 205.0
844 207.0
845 209.0
846 212.0
847 214.0
848 215.0
849 217.0
850 218.0
851 220.0
852 222.0
853 224.0
854 226.0
855 227.0
856 228.0
857 230.0
858 231.0
859 233.0
860 235.0
861 237.0
862 239.0
863 241.0
864 243.0
865 245.0
866 247.0
867 249.0
868 251.0
869 253.0
870 255.0
871 257.0
872 260.0
873 263.0
874 265.0
875 267.0
876 270.0
877 272.0
878 275.0
879 277.0
880 279.0
881 282.0
882 285.0
883 287.0
884 290.0
885 293.0
886 296.0
887 298.0
888 301.0
889 303.0
890 306.0
891 309.0
892 313.0
893 315.0
894 318.0
895 323.0
896 328.0
897 331.0
898 334.0
899 338.0
900 344.0
901 350.0
902 355.0
903 360.0
904 363.0
905 368.0
906 374.0
907 378.0
908 382.0
909 389.0
910 394.0
911 401.0
912 406.0
913 411.0
914 416.0
915 422.0
916 427.0
917 433.0
918 439.0
919 444.0
920 450.0
921 454.0
922 462.0
923 469.0
924 475.0
925 482.0
926 491.0
927 499.0
928 508.0
929 516.0
930 523.0
931 530.0
932 539.0
933 546.0
934 555.0
935 563.0
936 572.0
937 581.0
938 586.0
939 596.0
940 603.0
941 612.0
942 620.0
943 628.0
944 636.0
945 646.0
946 650.0
947 661.0
948 671.0
949 677.0
950 688.0
951 695.0
952 708.0
953 715.0
954 729.0
955 737.0
956 745.0
957 763.0
958 780.0
959 796.0
960 811.0
961 826.0
962 835.0
963 846.0
964 862.0
965 880.0
966 896.0
967 911.0
968 931.0
969 950.0
970 973.0
971 989.0
972 1009.0
973 1031.0
974 1062.0
975 1093.0
976 1132.0
977 1154.0
978 1186.0
979 1212.0
980 1233.0
981 1258.0
982 1271.0
983 1286.0
984 1309.0
985 1336.0
986 1366.0
987 1412.0
988 1437.0
989 1466.0
990 1501.0
991 1534.0
992 1580.0
993 1614.0
994 1648.0
995 1679.0
996 1713.0
997 1753.0
998 1842.0
999 1959.0
1000 2031.0
