1 15.0
2 15.0
3 15.0
4 15.0
5 16.0
6 16.0
7 16.0
8 16.0
9 16.0
10 16.0
11 16.0
12 16.0
13 16.0
14 16.0
15 16.0
16 16.0
17 16.0
18 16.0
19 16.0
20 16.0
21 16.0
22 16.0
23 16.0
24 16.0
25 16.0
26 16.0
27 16.0
28 16.0
29 16.0
30 16.0
31 16.0
32 16.0
33 16.0
34 16.0
35 16.0
36 16.0
37 16.0
38 16.0
39 16.0
40 16.0
41 16.0
42 16.0
43 16.0
44 16.0
45 16.0
46 16.0
47 16.0
48 16.0
49 17.0
50 17.0
51 17.0
52 17.0
53 17.0
54 17.0
55 17.0
56 17.0
57 17.0
58 17.0
59 17.0
60 17.0
61 17.0
62 17.0
63 17.0
64 17.0
65 17.0
66 17.0
67 17.0
68 17.0
69 17.0
70 17.0
71 17.0
72 17.0
73 17.0
74 17.0
75 17.0
76 17.0
77 17.0
78 17.0
79 17.0
80 17.0
81 17.0
82 17.0
83 17.0
84 17.0
85 17.0
86 17.0
87 17.0
88 17.0
89 17.0
90 17.0
91 17.0
92 17.0
93 17.0
94 17.0
95 17.0
96 17.0
97 17.0
98 17.0
99 17.0
100 17.0
101 17.0
102 17.0
103 17.0
104 17.0
105 17.0
106 17.0
107 17.0
108 17.0
109 17.0
110 17.0
111 17.0
112 17.0
113 17.0
114 17.0
115 17.0
116 17.0
117 17.0
118 18.0
119 18.0
120 18.0
121 18.0
122 18.0
123 18.0
124 18.0
125 18.0
126 18.0
127 18.0
128 18.0
129 18.0
130 18.0
131 18.0
132 18.0
133 18.0
134 18.0
135 18.0
136 19.0
137 21.0
138 22.0
139 22.0
140 22.0
141 22.0
142 22.0
143 22.0
144 22.0
145 22.0
146 22.0
147 22.0
148 23.0
149 23.0
150 23.0
151 23.0
152 23.0
153 23.0
154 23.0
155 23.0
156 23.0
157 23.0
158 23.0
159 23.0
160 23.0
161 23.0
162 23.0
163 23.0
164 23.0
165 23.0
166 23.0
167 23.0
168 23.0
169 23.0
170 23.0
171 23.0
172 23.0
173 23.0
174 23.0
175 23.0
176 23.0
177 23.0
178 23.0
179 23.0
180 23.0
181 23.0
182 23.0
183 23.0
184 23.0
185 23.0
186 23.0
187 23.0
188 23.0
189 23.0
190 23.0
191 23.0
192 23.0
193 23.0
194 24.0
195 24.0
196 24.0
197 24.0
198 24.0
199 24.0
200 24.0
201 24.0
202 24.0
203 24.0
204 24.0
205 24.0
206 24.0
207 24.0
208 24.0
209 24.0
210 24.0
211 24.0
212 24.0
213 24.0
214 24.0
215 24.0
216 24.0
217 24.0
218 24.0
219 24.0
220 24.0
221 24.0
222 24.0
223 24.0
224 24.0
225 24.0
226 24.0
227 24.0
228 24.0
229 24.0
230 24.0
231 24.0
232 24.0
233 24.0
234 24.0
235 24.0
236 24.0
237 24.0
238 24.0
239 24.0
240 24.0
241 24.0
242 24.0
243 24.0
244 24.0
245 24.0
246 24.0
247 24.0
248 24.0
249 24.0
250 24.0
251 24.0
252 24.0
253 24.0
254 24.0
255 24.0
256 24.0
257 24.0
258 24.0
259 24.0
260 24.0
261 24.0
262 24.0
263 24.0
264 24.0
265 24.0
266 24.0
267 24.0
268 24.0
269 24.0
270 24.0
271 24.0
272 24.0
273 24.0
274 24.0
275 25.0
276 25.0
277 25.0
278 25.0
279 25.0
280 25.0
281 25.0
282 25.0
283 25.0
284 25.0
285 25.0
286 25.0
287 25.0
288 25.0
289 25.0
290 25.0
291 25.0
292 25.0
293 25.0
294 25.0
295 25.0
296 25.0
297 25.0
298 25.0
299 25.0
300 25.0
301 25.0
302 25.0
303 25.0
304 25.0
305 25.0
306 25.0
307 25.0
308 25.0
309 25.0
310 25.0
311 25.0
312 25.0
313 25.0
314 25.0
315 25.0
316 25.0
317 25.0
318 25.0
319 25.0
320 25.0
321 25.0
322 25.0
323 25.0
324 25.0
325 25.0
326 25.0
327 25.0
328 25.0
329 25.0
330 25.0
331 25.0
332 25.0
333 25.0
334 25.0
335 25.0
336 25.0
337 25.0
338 25.0
339 25.0
340 25.0
341 25.0
342 25.0
343 25.0
344 25.0
345 25.0
346 25.0
347 25.0
348 25.0
349 25.0
350 25.0
351 25.0
352 25.0
353 25.0
354 25.0
355 25.0
356 25.0
357 25.0
358 25.0
359 25.0
360 25.0
361 25.0
362 25.0
363 25.0
364 25.0
365 26.0
366 26.0
367 26.0
368 26.0
369 26.0
370 26.0
371 26.0
372 26.0
373 26.0
374 26.0
375 26.0
376 26.0
377 26.0
378 26.0
379 26.0
380 26.0
381 26.0
382 26.0
383 26.0
384 26.0
385 26.0
386 26.0
387 26.0
388 26.0
389 26.0
390 26.0
391 26.0
392 26.0
393 26.0
394 26.0
395 26.0
396 26.0
397 26.0
398 26.0
399 26.0
400 26.0
401 26.0
402 26.0
403 26.0
404 26.0
405 26.0
406 26.0
407 26.0
408 26.0
409 26.0
410 26.0
411 26.0
412 26.0
413 26.0
414 26.0
415 26.0
416 26.0
417 26.0
418 26.0
419 26.0
420 26.0
421 26.0
422 26.0
423 26.0
424 26.0
425 26.0
426 26.0
427 26.0
428 26.0
429 26.0
430 26.0
431 27.0
432 27.0
433 27.0
434 27.0
435 27.0
436 27.0
437 27.0
438 27.0
439 27.0
440 27.0
441 27.0
442 27.0
443 27.0
444 27.0
445 27.0
446 27.0
447 27.0
448 27.0
449 27.0
450 27.0
451 27.0
452 27.0
453 27.0
454 27.0
455 27.0
456 27.0
457 28.0
458 28.0
459 28.0
460 28.0
461 28.0
462 29.0
463 33.0
464 34.0
465 34.0
466 35.0
467 35.0
468 35.0
469 35.0
470 35.0
471 36.0
472 36.0
473 36.0
474 36.0
475 36.0
476 36.0
477 36.0
478 36.0
479 37.0
480 37.0
481 37.0
482 37.0
483 37.0
484 37.0
485 37.0
486 37.0
487 37.0
488 37.0
489 38.0
490 38.0
491 38.0
492 38.0
493 38.0
494 38.0
495 38.0
496 38.0
497 38.0
498 38.0
499 38.0
500 38.0
501 38.0
502 38.0
503 38.0
504 38.0
505 38.0
506 38.0
507 38.0
508 38.0
509 38.0
510 38.0
511 39.0
512 39.0
513 39.0
514 39.0
515 39.0
516 39.0
517 39.0
518 39.0
519 39.0
520 39.0
521 39.0
522 39.0
523 39.0
524 39.0
525 39.0
526 39.0
527 39.0
528 39.0
529 39.0
530 39.0
531 39.0
532 39.0
533 39.0
534 39.0
535 39.0
536 39.0
537 39.0
538 39.0
539 39.0
540 39.0
541 39.0
542 39.0
543 39.0
544 39.0
545 39.0
546 39.0
547 39.0
548 39.0
549 39.0
550 39.0
551 39.0
552 40.0
553 40.0
554 40.0
555 40.0
556 40.0
557 40.0
558 40.0
559 40.0
560 40.0
561 40.0
562 40.0
563 40.0
564 40.0
565 40.0
566 40.0
567 40.0
568 40.0
569 40.0
570 40.0
571 40.0
572 40.0
573 40.0
574 40.0
575 40.0
576 40.0
577 40.0
578 40.0
579 40.0
580 40.0
581 40.0
582 40.0
583 40.0
584 40.0
585 40.0
586 40.0
587 40.0
588 40.0
589 40.0
590 40.0
591 40.0
592 40.0
593 40.0
594 40.0
595 40.0
596 40.0
597 40.0
598 40.0
599 40.0
600 40.0
601 40.0
602 40.0
603 40.0
604 40.0
605 40.0
606 41.0
607 41.0
608 41.0
609 41.0
610 41.0
611 41.0
612 41.0
613 41.0
614 41.0
615 41.0
616 41.0
617 41.0
618 41.0
619 41.0
620 41.0
621 41.0
622 41.0
623 41.0
624 41.0
625 41.0
626 41.0
627 41.0
628 41.0
629 41.0
630 41.0
631 41.0
632 41.0
633 41.0
634 41.0
635 41.0
636 41.0
637 41.0
638 41.0
639 41.0
640 41.0
641 41.0
642 41.0
643 41.0
644 41.0
645 41.0
646 41.0
647 41.0
648 41.0
649 41.0
650 41.0
651 41.0
652 41.0
653 42.0
654 42.0
655 42.0
656 42.0
657 42.0
658 42.0
659 42.0
660 42.0
661 42.0
662 42.0
663 42.0
664 42.0
665 42.0
666 42.0
667 42.0
668 42.0
669 42.0
670 42.0
671 42.0
672 42.0
673 42.0
674 42.0
675 42.0
676 42.0
677 42.0
678 42.0
679 42.0
680 42.0
681 42.0
682 42.0
683 42.0
684 42.0
685 42.0
686 43.0
687 43.0
688 43.0
689 43.0
690 43.0
691 43.0
692 43.0
693 43.0
694 43.0
695 43.0
696 43.0
697 43.0
698 43.0
699 43.0
700 43.0
701 43.0
702 43.0
703 43.0
704 43.0
705 43.0
706 43.0
707 43.0
708 43.0
709 43.0
710 43.0
711 43.0
712 44.0
713 44.0
714 44.0
715 44.0
716 44.0
717 44.0
718 44.0
719 44.0
720 44.0
721 44.0
722 44.0
723 44.0
724 44.0
725 44.0
726 44.0
727 44.0
728 44.0
729 44.0
730 44.0
731 45.0
732 45.0
733 45.0
734 45.0
735 45.0
736 45.0
737 45.0
738 45.0
739 45.0
740 46.0
741 46.0
742 46.0
743 46.0
744 47.0
745 47.0
746 48.0
747 48.0
748 48.0
749 48.0
750 49.0
751 49.0
752 49.0
753 50.0
754 50.0
755 51.0
756 51.0
757 57.0
758 59.0
759 60.0
760 60.0
761 61.0
762 62.0
763 62.0
764 63.0
765 64.0
766 65.0
767 68.0
768 71.0
769 72.0
770 73.0
771 74.0
772 74.0
773 75.0
774 75.0
775 76.0
776 76.0
777 76.0
778 76.0
779 77.0
780 77.0
781 77.0
782 77.0
783 78.0
784 78.0
785 78.0
786 79.0
787 79.0
788 79.0
789 79.0
790 80.0
791 80.0
792 80.0
793 81.0
794 81.0
795 81.0
796 82.0
797 82.0
798 83.0
799 84.0
800 85.0
801 88.0
802 90.0
803 95.0
804 132.0
805 136.0
806 138.0
807 140.0
808 141.0
809 142.0
810 143.0
811 143.0
812 144.0
813 144.0
814 145.0
815 145.0
816 146.0
817 146.0
818 146.0
819 147.0
820 147.0
821 147.0
822 148.0
823 148.0
824 148.0
825 148.0
826 149.0
827 149.0
828 149.0
829 149.0
830 150.0
831 150.0
832 150.0
833 151.0
834 151.0
835 151.0
836 152.0
837 152.0
838 152.0
839 152.0
840 153.0
841 153.0
842 154.0
843 154.0
844 154.0
845 155.0
846 155.0
847 156.0
848 156.0
849 156.0
850 157.0
851 157.0
852 158.0
853 159.0
854 159.0
855 160.0
856 160.0
857 161.0
858 161.0
859 162.0
860 162.0
861 163.0
862 163.0
863 164.0
864 164.0
865 165.0
866 165.0
867 166.0
868 166.0
869 167.0
870 167.0
871 168.0
872 168.0
873 169.0
874 169.0
875 170.0
876 171.0
877 171.0
878 172.0
879 173.0
880 173.0
881 174.0
882 175.0
883 176.0
884 177.0
885 178.0
886 179.0
887 180.0
888 181.0
889 182.0
890 184.0
891 185.0
892 186.0
893 187.0
894 189.0
895 190.0
896 192.0
897 193.0
898 196.0
899 200.0
900 207.0
901 210.0
902 211.0
903 213.0
904 214.0
905 215.0
906 216.0
907 217.0
908 217.0
909 218.0
910 218.0
911 219.0
912 220.0
913 220.0
914 221.0
915 221.0
916 222.0
917 222.0
918 223.0
919 223.0
920 224.0
921 224.0
922 225.0
923 225.0
924 226.0
925 226.0
926 227.0
927 227.0
928 228.0
929 228.0
930 229.0
931 230.0
932 230.0
933 231.0
934 231.0
935 232.0
936 232.0
937 233.0
938 234.0
939 234.0
940 235.0
941 236.0
942 236.0
943 237.0
944 238.0
945 239.0
946 240.0
947 240.0
948 241.0
949 242.0
950 243.0
951 244.0
952 245.0
953 246.0
954 248.0
955 249.0
956 250.0
957 251.0
958 252.0
959 253.0
960 254.0
961 255.0
962 256.0
963 257.0
964 258.0
965 259.0
966 260.0
967 261.0
968 262.0
969 263.0
970 264.0
971 265.0
972 266.0
973 267.0
974 268.0
975 269.0
976 270.0
977 271.0
978 272.0
979 274.0
980 275.0
981 276.0
982 277.0
983 278.0
984 280.0
985 281.0
986 282.0
987 284.0
988 286.0
989 288.0
990 292.0
991 297.0
992 304.0
993 311.0
994 334.0
995 346.0
996 352.0
997 356.0
998 358.0
999 361.0
1000 364.0
