1 2.0
2 2.0
3 2.0
4 2.0
5 2.0
6 2.0
7 2.0
8 3.0
9 3.0
10 3.0
11 3.0
12 3.0
13 3.0
14 3.0
15 3.0
16 3.0
17 3.0
18 3.0
19 3.0
20 3.0
21 3.0
22 3.0
23 3.0
24 3.0
25 3.0
26 3.0
27 3.0
28 3.0
29 3.0
30 3.0
31 3.0
32 3.0
33 3.0
34 3.0
35 3.0
36 3.0
37 3.0
38 3.0
39 3.0
40 3.0
41 3.0
42 3.0
43 3.0
44 3.0
45 3.0
46 3.0
47 3.0
48 3.0
49 3.0
50 3.0
51 3.0
52 3.0
53 3.0
54 3.0
55 3.0
56 3.0
57 3.0
58 3.0
59 3.0
60 3.0
61 3.0
62 3.0
63 3.0
64 3.0
65 3.0
66 4.0
67 4.0
68 4.0
69 4.0
70 4.0
71 4.0
72 4.0
73 4.0
74 4.0
75 4.0
76 4.0
77 4.0
78 4.0
79 4.0
80 4.0
81 4.0
82 4.0
83 4.0
84 4.0
85 4.0
86 4.0
87 4.0
88 4.0
89 4.0
90 4.0
91 4.0
92 4.0
93 4.0
94 4.0
95 4.0
96 4.0
97 4.0
98 4.0
99 4.0
100 4.0
101 4.0
102 4.0
103 4.0
104 4.0
105 4.0
106 4.0
107 4.0
108 4.0
109 4.0
110 4.0
111 4.0
112 4.0
113 4.0
114 4.0
115 4.0
116 4.0
117 4.0
118 4.0
119 4.0
120 4.0
121 4.0
122 4.0
123 4.0
124 4.0
125 4.0
126 4.0
127 4.0
128 4.0
129 4.0
130 4.0
131 4.0
132 4.0
133 4.0
134 4.0
135 4.0
136 4.0
137 4.0
138 4.0
139 4.0
140 4.0
141 4.0
142 4.0
143 4.0
144 4.0
145 4.0
146 4.0
147 4.0
148 4.0
149 4.0
150 4.0
151 4.0
152 4.0
153 4.0
154 4.0
155 4.0
156 4.0
157 4.0
158 4.0
159 4.0
160 4.0
161 4.0
162 4.0
163 4.0
164 4.0
165 4.0
166 4.0
167 4.0
168 4.0
169 4.0
170 4.0
171 4.0
172 4.0
173 4.0
174 4.0
175 4.0
176 4.0
177 4.0
178 4.0
179 5.0
180 5.0
181 5.0
182 5.0
183 5.0
184 5.0
185 5.0
186 5.0
187 5.0
188 5.0
189 5.0
190 5.0
191 5.0
192 5.0
193 5.0
194 5.0
195 5.0
196 5.0
197 5.0
198 5.0
199 5.0
200 5.0
201 5.0
202 5.0
203 5.0
204 5.0
205 5.0
206 5.0
207 5.0
208 5.0
209 5.0
210 5.0
211 5.0
212 5.0
213 5.0
214 5.0
215 5.0
216 5.0
217 5.0
218 5.0
219 5.0
220 5.0
221 5.0
222 5.0
223 5.0
224 5.0
225 5.0
226 5.0
227 5.0
228 5.0
229 5.0
230 5.0
231 5.0
232 5.0
233 5.0
234 5.0
235 5.0
236 5.0
237 5.0
238 5.0
239 5.0
240 5.0
241 5.0
242 5.0
243 5.0
244 5.0
245 5.0
246 5.0
247 5.0
248 5.0
249 5.0
250 5.0
251 5.0
252 5.0
253 5.0
254 5.0
255 5.0
256 5.0
257 5.0
258 5.0
259 5.0
260 5.0
261 5.0
262 5.0
263 5.0
264 5.0
265 5.0
266 5.0
267 5.0
268 5.0
269 5.0
270 5.0
271 5.0
272 5.0
273 5.0
274 5.0
275 5.0
276 5.0
277 5.0
278 5.0
279 5.0
280 5.0
281 5.0
282 5.0
283 5.0
284 5.0
285 5.0
286 5.0
287 5.0
288 5.0
289 5.0
290 5.0
291 5.0
292 5.0
293 5.0
294 5.0
295 5.0
296 5.0
297 5.0
298 5.0
299 5.0
300 5.0
301 5.0
302 5.0
303 5.0
304 5.0
305 5.0
306 5.0
307 5.0
308 5.0
309 5.0
310 5.0
311 5.0
312 5.0
313 5.0
314 5.0
315 5.0
316 5.0
317 5.0
318 5.0
319 5.0
320 5.0
321 5.0
322 5.0
323 5.0
324 5.0
325 5.0
326 5.0
327 5.0
328 5.0
329 5.0
330 5.0
331 5.0
332 5.0
333 5.0
334 5.0
335 5.0
336 5.0
337 5.0
338 5.0
339 5.0
340 5.0
341 5.0
342 5.0
343 5.0
344 5.0
345 5.0
346 5.0
347 5.0
348 5.0
349 5.0
350 5.0
351 5.0
352 5.0
353 5.0
354 5.0
355 5.0
356 5.0
357 5.0
358 5.0
359 5.0
360 5.0
361 5.0
362 5.0
363 5.0
364 5.0
365 5.0
366 5.0
367 5.0
368 5.0
369 5.0
370 5.0
371 5.0
372 5.0
373 5.0
374 5.0
375 5.0
376 6.0
377 6.0
378 6.0
379 6.0
380 6.0
381 6.0
382 6.0
383 6.0
384 6.0
385 6.0
386 6.0
387 6.0
388 6.0
389 6.0
390 6.0
391 6.0
392 6.0
393 6.0
394 6.0
395 6.0
396 6.0
397 6.0
398 6.0
399 6.0
400 6.0
401 6.0
402 6.0
403 6.0
404 6.0
405 6.0
406 6.0
407 6.0
408 6.0
409 6.0
410 6.0
411 6.0
412 6.0
413 6.0
414 6.0
415 6.0
416 6.0
417 6.0
418 6.0
419 6.0
420 6.0
421 6.0
422 6.0
423 6.0
424 6.0
425 6.0
426 6.0
427 6.0
428 6.0
429 6.0
430 6.0
431 6.0
432 6.0
433 6.0
434 7.0
435 7.0
436 7.0
437 7.0
438 7.0
439 7.0
440 7.0
441 7.0
442 7.0
443 7.0
444 7.0
445 7.0
446 7.0
447 7.0
448 7.0
449 7.0
450 7.0
451 7.0
452 7.0
453 7.0
454 7.0
455 7.0
456 7.0
457 7.0
458 7.0
459 7.0
460 7.0
461 7.0
462 7.0
463 7.0
464 7.0
465 7.0
466 7.0
467 7.0
468 7.0
469 7.0
470 7.0
471 7.0
472 7.0
473 7.0
474 7.0
475 7.0
476 7.0
477 7.0
478 7.0
479 7.0
480 7.0
481 7.0
482 7.0
483 7.0
484 8.0
485 8.0
486 8.0
487 8.0
488 8.0
489 8.0
490 8.0
491 8.0
492 8.0
493 8.0
494 8.0
495 8.0
496 9.0
497 9.0
498 9.0
499 10.0
500 10.0
501 10.0
502 10.0
503 10.0
504 10.0
505 10.0
506 10.0
507 10.0
508 10.0
509 11.0
510 11.0
511 11.0
512 11.0
513 11.0
514 11.0
515 11.0
516 11.0
517 11.0
518 11.0
519 11.0
520 11.0
521 11.0
522 11.0
523 11.0
524 11.0
525 11.0
526 11.0
527 11.0
528 11.0
529 11.0
530 11.0
531 11.0
532 11.0
533 11.0
534 11.0
535 11.0
536 11.0
537 11.0
538 11.0
539 12.0
540 12.0
541 12.0
542 12.0
543 13.0
544 13.0
545 14.0
546 14.0
547 14.0
548 14.0
549 14.0
550 15.0
551 15.0
552 15.0
553 15.0
554 15.0
555 16.0
556 16.0
557 16.0
558 16.0
559 16.0
560 16.0
561 16.0
562 16.0
563 16.0
564 16.0
565 16.0
566 16.0
567 16.0
568 17.0
569 17.0
570 17.0
571 17.0
572 17.0
573 17.0
574 17.0
575 17.0
576 17.0
577 17.0
578 17.0
579 17.0
580 17.0
581 17.0
582 17.0
583 17.0
584 17.0
585 17.0
586 17.0
587 17.0
588 17.0
589 18.0
590 18.0
591 18.0
592 18.0
593 18.0
594 18.0
595 18.0
596 18.0
597 18.0
598 18.0
599 18.0
600 18.0
601 19.0
602 19.0
603 19.0
604 19.0
605 19.0
606 19.0
607 20.0
608 20.0
609 20.0
610 20.0
611 20.0
612 20.0
613 20.0
614 21.0
615 21.0
616 21.0
617 21.0
618 21.0
619 21.0
620 21.0
621 22.0
622 22.0
623 22.0
624 22.0
625 22.0
626 22.0
627 22.0
628 22.0
629 22.0
630 23.0
631 23.0
632 23.0
633 23.0
634 23.0
635 23.0
636 23.0
637 23.0
638 23.0
639 23.0
640 23.0
641 23.0
642 24.0
643 24.0
644 24.0
645 24.0
646 24.0
647 24.0
648 24.0
649 24.0
650 24.0
651 24.0
652 25.0
653 25.0
654 25.0
655 25.0
656 25.0
657 26.0
658 27.0
659 28.0
660 29.0
661 30.0
662 31.0
663 31.0
664 32.0
665 32.0
666 32.0
667 32.0
668 32.0
669 33.0
670 33.0
671 33.0
672 33.0
673 33.0
674 33.0
675 33.0
676 33.0
677 33.0
678 33.0
679 34.0
680 34.0
681 34.0
682 34.0
683 34.0
684 34.0
685 34.0
686 34.0
687 34.0
688 34.0
689 34.0
690 34.0
691 34.0
692 34.0
693 34.0
694 35.0
695 35.0
696 35.0
697 35.0
698 35.0
699 35.0
700 35.0
701 35.0
702 35.0
703 35.0
704 35.0
705 35.0
706 36.0
707 36.0
708 36.0
709 36.0
710 36.0
711 37.0
712 37.0
713 39.0
714 41.0
715 43.0
716 46.0
717 48.0
718 49.0
719 50.0
720 50.0
721 51.0
722 51.0
723 51.0
724 52.0
725 52.0
726 52.0
727 52.0
728 53.0
729 53.0
730 53.0
731 53.0
732 53.0
733 53.0
734 53.0
735 53.0
736 53.0
737 54.0
738 54.0
739 54.0
740 54.0
741 54.0
742 54.0
743 54.0
744 54.0
745 54.0
746 54.0
747 54.0
748 55.0
749 55.0
750 55.0
751 55.0
752 55.0
753 55.0
754 55.0
755 55.0
756 55.0
757 55.0
758 55.0
759 55.0
760 55.0
761 55.0
762 56.0
763 56.0
764 56.0
765 56.0
766 56.0
767 56.0
768 56.0
769 56.0
770 56.0
771 56.0
772 56.0
773 56.0
774 56.0
775 56.0
776 56.0
777 56.0
778 56.0
779 57.0
780 57.0
781 57.0
782 57.0
783 57.0
784 57.0
785 57.0
786 57.0
787 57.0
788 57.0
789 57.0
790 57.0
791 57.0
792 57.0
793 58.0
794 58.0
795 58.0
796 58.0
797 58.0
798 58.0
799 58.0
800 58.0
801 58.0
802 58.0
803 58.0
804 58.0
805 59.0
806 59.0
807 59.0
808 59.0
809 59.0
810 59.0
811 59.0
812 59.0
813 59.0
814 59.0
815 59.0
816 60.0
817 60.0
818 60.0
819 60.0
820 60.0
821 60.0
822 60.0
823 60.0
824 61.0
825 61.0
826 61.0
827 61.0
828 61.0
829 62.0
830 62.0
831 62.0
832 62.0
833 63.0
834 63.0
835 64.0
836 64.0
837 65.0
838 66.0
839 67.0
840 68.0
841 70.0
842 71.0
843 73.0
844 74.0
845 75.0
846 76.0
847 77.0
848 78.0
849 79.0
850 79.0
851 80.0
852 80.0
853 81.0
854 82.0
855 82.0
856 83.0
857 84.0
858 85.0
859 86.0
860 87.0
861 89.0
862 92.0
863 94.0
864 96.0
865 98.0
866 100.0
867 101.0
868 102.0
869 104.0
870 105.0
871 106.0
872 107.0
873 108.0
874 110.0
875 111.0
876 111.0
877 112.0
878 113.0
879 114.0
880 115.0
881 116.0
882 117.0
883 118.0
884 120.0
885 120.0
886 121.0
887 122.0
888 123.0
889 124.0
890 124.0
891 126.0
892 127.0
893 128.0
894 130.0
895 133.0
896 137.0
897 140.0
898 144.0
899 147.0
900 150.0
901 153.0
902 155.0
903 156.0
904 157.0
905 158.0
906 159.0
907 160.0
908 162.0
909 163.0
910 165.0
911 166.0
912 169.0
913 172.0
914 176.0
915 182.0
916 187.0
917 193.0
918 198.0
919 201.0
920 205.0
921 208.0
922 212.0
923 215.0
924 217.0
925 220.0
926 223.0
927 227.0
928 231.0
929 234.0
930 237.0
931 240.0
932 244.0
933 249.0
934 254.0
935 257.0
936 262.0
937 267.0
938 273.0
939 279.0
940 285.0
941 290.0
942 295.0
943 299.0
944 304.0
945 310.0
946 314.0
947 319.0
948 322.0
949 327.0
950 332.0
951 338.0
952 342.0
953 346.0
954 353.0
955 358.0
956 363.0
957 367.0
958 371.0
959 378.0
960 385.0
961 390.0
962 395.0
963 400.0
964 405.0
965 411.0
966 417.0
967 423.0
968 429.0
969 434.0
970 439.0
971 447.0
972 455.0
973 462.0
974 472.0
975 480.0
976 491.0
977 497.0
978 506.0
979 514.0
980 521.0
981 529.0
982 540.0
983 552.0
984 563.0
985 573.0
986 584.0
987 600.0
988 617.0
989 633.0
990 661.0
991 678.0
992 719.0
993 763.0
994 799.0
995 858.0
996 945.0
997 1098.0
998 1338.0
999 1502.0
1000 1853.0
