1 29.0
2 29.0
3 29.0
4 29.0
5 30.0
6 30.0
7 30.0
8 30.0
9 30.0
10 30.0
11 30.0
12 30.0
13 30.0
14 31.0
15 31.0
16 31.0
17 31.0
18 31.0
19 31.0
20 31.0
21 31.0
22 32.0
23 33.0
24 58.0
25 59.0
26 59.0
27 60.0
28 60.0
29 60.0
30 61.0
31 61.0
32 61.0
33 61.0
34 61.0
35 62.0
36 62.0
37 62.0
38 63.0
39 63.0
40 64.0
41 66.0
42 67.0
43 68.0
44 69.0
45 69.0
46 69.0
47 69.0
48 70.0
49 70.0
50 70.0
51 70.0
52 70.0
53 71.0
54 71.0
55 71.0
56 71.0
57 71.0
58 71.0
59 71.0
60 72.0
61 72.0
62 72.0
63 72.0
64 72.0
65 73.0
66 73.0
67 73.0
68 73.0
69 74.0
70 74.0
71 75.0
72 76.0
73 115.0
74 117.0
75 119.0
76 121.0
77 123.0
78 126.0
79 259.0
80 263.0
81 269.0
82 276.0
83 278.0
84 279.0
85 281.0
86 285.0
87 287.0
88 290.0
89 295.0
90 298.0
91 300.0
92 304.0
93 307.0
94 312.0
95 359.0
96 372.0
97 380.0
98 393.0
99 400.0
100 403.0
