1 70.0
2 71.0
3 72.0
4 73.0
5 73.0
6 74.0
7 75.0
8 76.0
9 77.0
10 79.0
11 80.0
12 81.0
13 83.0
14 85.0
15 87.0
16 88.0
17 90.0
18 92.0
19 94.0
20 95.0
21 97.0
22 99.0
23 101.0
24 103.0
25 105.0
26 107.0
27 110.0
28 112.0
29 115.0
30 117.0
31 120.0
32 123.0
33 125.0
34 128.0
35 132.0
36 136.0
37 138.0
38 140.0
39 143.0
40 147.0
41 152.0
42 155.0
43 160.0
44 163.0
45 167.0
46 171.0
47 177.0
48 181.0
49 185.0
50 191.0
51 195.0
52 199.0
53 204.0
54 208.0
55 212.0
56 218.0
57 224.0
58 230.0
59 238.0
60 247.0
61 258.0
62 267.0
63 275.0
64 282.0
65 291.0
66 302.0
67 313.0
68 325.0
69 341.0
70 361.0
71 380.0
72 398.0
73 416.0
74 437.0
75 456.0
76 480.0
77 507.0
78 534.0
79 560.0
80 598.0
81 653.0
82 709.0
83 740.0
84 779.0
85 834.0
86 888.0
87 966.0
88 1088.0
89 1153.0
90 1263.0
91 1397.0
92 1485.0
93 1588.0
94 1713.0
95 1858.0
96 2098.0
97 2402.0
98 2849.0
99 3449.0
100 3909.0
