1 63.0
2 64.0
3 65.0
4 66.0
5 66.0
6 67.0
7 68.0
8 68.0
9 69.0
10 70.0
11 70.0
12 71.0
13 71.0
14 72.0
15 72.0
16 72.0
17 73.0
18 73.0
19 73.0
20 74.0
21 74.0
22 74.0
23 75.0
24 76.0
25 76.0
26 77.0
27 78.0
28 79.0
29 80.0
30 81.0
31 82.0
32 83.0
33 83.0
34 84.0
35 85.0
36 86.0
37 87.0
38 89.0
39 90.0
40 91.0
41 92.0
42 93.0
43 93.0
44 94.0
45 95.0
46 96.0
47 96.0
48 97.0
49 98.0
50 98.0
51 99.0
52 100.0
53 101.0
54 102.0
55 103.0
56 105.0
57 107.0
58 109.0
59 111.0
60 114.0
61 118.0
62 123.0
63 132.0
64 139.0
65 144.0
66 152.0
67 160.0
68 164.0
69 167.0
70 169.0
71 171.0
72 175.0
73 184.0
74 201.0
75 220.0
76 236.0
77 242.0
78 249.0
79 256.0
80 264.0
81 272.0
82 278.0
83 283.0
84 290.0
85 302.0
86 313.0
87 328.0
88 344.0
89 359.0
90 370.0
91 378.0
92 386.0
93 397.0
94 409.0
95 420.0
96 427.0
97 443.0
98 472.0
99 506.0
100 575.0
