1 61.0
2 62.0
3 62.0
4 63.0
5 63.0
6 63.0
7 64.0
8 64.0
9 64.0
10 65.0
11 65.0
12 65.0
13 65.0
14 66.0
15 66.0
16 67.0
17 67.0
18 68.0
19 68.0
20 69.0
21 69.0
22 70.0
23 70.0
24 70.0
25 71.0
26 71.0
27 71.0
28 71.0
29 72.0
30 72.0
31 72.0
32 73.0
33 73.0
34 73.0
35 73.0
36 74.0
37 74.0
38 74.0
39 75.0
40 75.0
41 76.0
42 76.0
43 78.0
44 78.0
45 79.0
46 81.0
47 82.0
48 82.0
49 84.0
50 85.0
51 86.0
52 88.0
53 91.0
54 93.0
55 95.0
56 98.0
57 100.0
58 104.0
59 108.0
60 112.0
61 134.0
62 135.0
63 137.0
64 139.0
65 140.0
66 143.0
67 149.0
68 155.0
69 158.0
70 159.0
71 161.0
72 162.0
73 163.0
74 164.0
75 165.0
76 167.0
77 168.0
78 169.0
79 171.0
80 173.0
81 192.0
82 219.0
83 234.0
84 244.0
85 248.0
86 251.0
87 258.0
88 266.0
89 269.0
90 273.0
91 275.0
92 281.0
93 287.0
94 300.0
95 316.0
96 326.0
97 342.0
98 349.0
99 361.0
100 370.0
