1 25.0
2 26.0
3 26.0
4 26.0
5 26.0
6 26.0
7 27.0
8 27.0
9 27.0
10 27.0
11 27.0
12 27.0
13 27.0
14 28.0
15 28.0
16 28.0
17 28.0
18 29.0
19 30.0
20 37.0
21 38.0
22 39.0
23 39.0
24 39.0
25 39.0
26 39.0
27 40.0
28 40.0
29 40.0
30 40.0
31 40.0
32 40.0
33 40.0
34 41.0
35 41.0
36 41.0
37 41.0
38 41.0
39 41.0
40 41.0
41 42.0
42 42.0
43 42.0
44 42.0
45 43.0
46 43.0
47 43.0
48 44.0
49 44.0
50 45.0
51 47.0
52 57.0
53 58.0
54 59.0
55 59.0
56 60.0
57 60.0
58 60.0
59 61.0
60 61.0
61 61.0
62 61.0
63 61.0
64 62.0
65 62.0
66 62.0
67 63.0
68 64.0
69 64.0
70 73.0
71 111.0
72 114.0
73 116.0
74 118.0
75 121.0
76 129.0
77 132.0
78 134.0
79 137.0
80 141.0
81 157.0
82 165.0
83 193.0
84 200.0
85 213.0
86 217.0
87 223.0
88 231.0
89 236.0
90 242.0
91 252.0
92 258.0
93 274.0
94 284.0
95 288.0
96 296.0
97 306.0
98 317.0
99 347.0
100 365.0
