1 32.0
2 33.0
3 33.0
4 33.0
5 34.0
6 34.0
7 34.0
8 35.0
9 37.0
10 38.0
11 39.0
12 40.0
13 41.0
14 42.0
15 43.0
16 44.0
17 44.0
18 45.0
19 45.0
20 46.0
21 46.0
22 47.0
23 47.0
24 47.0
25 47.0
26 48.0
27 48.0
28 48.0
29 48.0
30 48.0
31 48.0
32 49.0
33 49.0
34 49.0
35 49.0
36 49.0
37 49.0
38 49.0
39 49.0
40 49.0
41 49.0
42 49.0
43 49.0
44 50.0
45 50.0
46 50.0
47 50.0
48 50.0
49 50.0
50 50.0
51 50.0
52 50.0
53 50.0
54 50.0
55 50.0
56 50.0
57 50.0
58 50.0
59 50.0
60 50.0
61 50.0
62 51.0
63 51.0
64 51.0
65 51.0
66 51.0
67 51.0
68 51.0
69 51.0
70 51.0
71 51.0
72 51.0
73 51.0
74 51.0
75 51.0
76 51.0
77 51.0
78 51.0
79 51.0
80 52.0
81 52.0
82 52.0
83 52.0
84 52.0
85 52.0
86 52.0
87 52.0
88 52.0
89 52.0
90 52.0
91 52.0
92 52.0
93 52.0
94 52.0
95 52.0
96 52.0
97 52.0
98 53.0
99 53.0
100 53.0
101 53.0
102 53.0
103 53.0
104 53.0
105 53.0
106 53.0
107 53.0
108 53.0
109 53.0
110 53.0
111 53.0
112 53.0
113 54.0
114 54.0
115 54.0
116 54.0
117 54.0
118 54.0
119 54.0
120 54.0
121 54.0
122 54.0
123 54.0
124 54.0
125 55.0
126 55.0
127 55.0
128 55.0
129 55.0
130 55.0
131 55.0
132 55.0
133 55.0
134 56.0
135 56.0
136 56.0
137 56.0
138 56.0
139 56.0
140 56.0
141 56.0
142 57.0
143 57.0
144 57.0
145 57.0
146 57.0
147 57.0
148 57.0
149 58.0
150 58.0
151 58.0
152 58.0
153 58.0
154 58.0
155 59.0
156 59.0
157 59.0
158 59.0
159 59.0
160 59.0
161 60.0
162 60.0
163 60.0
164 60.0
165 60.0
166 60.0
167 60.0
168 61.0
169 61.0
170 61.0
171 61.0
172 61.0
173 61.0
174 62.0
175 62.0
176 62.0
177 62.0
178 62.0
179 62.0
180 62.0
181 62.0
182 63.0
183 63.0
184 63.0
185 63.0
186 63.0
187 63.0
188 63.0
189 63.0
190 63.0
191 64.0
192 64.0
193 64.0
194 64.0
195 64.0
196 64.0
197 64.0
198 64.0
199 65.0
200 65.0
201 65.0
202 65.0
203 65.0
204 65.0
205 65.0
206 65.0
207 65.0
208 65.0
209 65.0
210 66.0
211 66.0
212 66.0
213 66.0
214 66.0
215 66.0
216 66.0
217 66.0
218 66.0
219 66.0
220 66.0
221 66.0
222 67.0
223 67.0
224 67.0
225 67.0
226 67.0
227 67.0
228 67.0
229 67.0
230 67.0
231 67.0
232 67.0
233 67.0
234 67.0
235 68.0
236 68.0
237 68.0
238 68.0
239 68.0
240 68.0
241 68.0
242 68.0
243 68.0
244 68.0
245 68.0
246 68.0
247 68.0
248 69.0
249 69.0
250 69.0
251 69.0
252 69.0
253 69.0
254 69.0
255 69.0
256 69.0
257 69.0
258 69.0
259 69.0
260 69.0
261 69.0
262 69.0
263 70.0
264 70.0
265 70.0
266 70.0
267 70.0
268 70.0
269 70.0
270 70.0
271 70.0
272 70.0
273 70.0
274 70.0
275 70.0
276 70.0
277 70.0
278 70.0
279 71.0
280 71.0
281 71.0
282 71.0
283 71.0
284 71.0
285 71.0
286 71.0
287 71.0
288 71.0
289 71.0
290 71.0
291 71.0
292 71.0
293 71.0
294 71.0
295 71.0
296 71.0
297 72.0
298 72.0
299 72.0
300 72.0
301 72.0
302 72.0
303 72.0
304 72.0
305 72.0
306 72.0
307 72.0
308 72.0
309 72.0
310 72.0
311 72.0
312 72.0
313 72.0
314 72.0
315 72.0
316 73.0
317 73.0
318 73.0
319 73.0
320 73.0
321 73.0
322 73.0
323 73.0
324 73.0
325 73.0
326 73.0
327 73.0
328 73.0
329 73.0
330 73.0
331 73.0
332 73.0
333 73.0
334 74.0
335 74.0
336 74.0
337 74.0
338 74.0
339 74.0
340 74.0
341 74.0
342 74.0
343 74.0
344 74.0
345 74.0
346 74.0
347 74.0
348 74.0
349 74.0
350 74.0
351 75.0
352 75.0
353 75.0
354 75.0
355 75.0
356 75.0
357 75.0
358 75.0
359 75.0
360 75.0
361 75.0
362 75.0
363 75.0
364 75.0
365 76.0
366 76.0
367 76.0
368 76.0
369 76.0
370 76.0
371 76.0
372 76.0
373 76.0
374 76.0
375 76.0
376 77.0
377 77.0
378 77.0
379 77.0
380 77.0
381 77.0
382 77.0
383 77.0
384 77.0
385 77.0
386 78.0
387 78.0
388 78.0
389 78.0
390 78.0
391 78.0
392 78.0
393 78.0
394 79.0
395 79.0
396 79.0
397 79.0
398 79.0
399 79.0
400 79.0
401 79.0
402 79.0
403 79.0
404 80.0
405 80.0
406 80.0
407 80.0
408 80.0
409 80.0
410 80.0
411 80.0
412 80.0
413 80.0
414 80.0
415 81.0
416 81.0
417 81.0
418 81.0
419 81.0
420 81.0
421 81.0
422 81.0
423 81.0
424 81.0
425 81.0
426 82.0
427 82.0
428 82.0
429 82.0
430 82.0
431 82.0
432 82.0
433 82.0
434 82.0
435 82.0
436 82.0
437 82.0
438 83.0
439 83.0
440 83.0
441 83.0
442 83.0
443 83.0
444 83.0
445 83.0
446 83.0
447 83.0
448 83.0
449 84.0
450 84.0
451 84.0
452 84.0
453 84.0
454 84.0
455 84.0
456 84.0
457 84.0
458 84.0
459 84.0
460 84.0
461 85.0
462 85.0
463 85.0
464 85.0
465 85.0
466 85.0
467 85.0
468 85.0
469 85.0
470 85.0
471 86.0
472 86.0
473 86.0
474 86.0
475 86.0
476 86.0
477 86.0
478 86.0
479 87.0
480 87.0
481 87.0
482 87.0
483 87.0
484 87.0
485 87.0
486 87.0
487 88.0
488 88.0
489 88.0
490 88.0
491 88.0
492 88.0
493 88.0
494 88.0
495 89.0
496 89.0
497 89.0
498 89.0
499 89.0
500 89.0
501 89.0
502 89.0
503 90.0
504 90.0
505 90.0
506 90.0
507 90.0
508 90.0
509 90.0
510 90.0
511 91.0
512 91.0
513 91.0
514 91.0
515 91.0
516 91.0
517 91.0
518 91.0
519 92.0
520 92.0
521 92.0
522 92.0
523 92.0
524 92.0
525 92.0
526 92.0
527 92.0
528 93.0
529 93.0
530 93.0
531 93.0
532 93.0
533 93.0
534 93.0
535 93.0
536 94.0
537 94.0
538 94.0
539 94.0
540 94.0
541 94.0
542 94.0
543 94.0
544 95.0
545 95.0
546 95.0
547 95.0
548 95.0
549 95.0
550 95.0
551 95.0
552 96.0
553 96.0
554 96.0
555 96.0
556 96.0
557 96.0
558 96.0
559 97.0
560 97.0
561 97.0
562 97.0
563 97.0
564 97.0
565 97.0
566 98.0
567 98.0
568 98.0
569 98.0
570 98.0
571 98.0
572 99.0
573 99.0
574 99.0
575 99.0
576 99.0
577 99.0
578 100.0
579 100.0
580 100.0
581 100.0
582 100.0
583 100.0
584 101.0
585 101.0
586 101.0
587 101.0
588 101.0
589 102.0
590 102.0
591 102.0
592 102.0
593 103.0
594 103.0
595 103.0
596 103.0
597 104.0
598 104.0
599 104.0
600 104.0
601 105.0
602 105.0
603 105.0
604 105.0
605 105.0
606 106.0
607 106.0
608 106.0
609 106.0
610 107.0
611 107.0
612 107.0
613 107.0
614 108.0
615 108.0
616 108.0
617 108.0
618 109.0
619 109.0
620 109.0
621 110.0
622 110.0
623 110.0
624 111.0
625 111.0
626 111.0
627 112.0
628 112.0
629 112.0
630 113.0
631 113.0
632 114.0
633 115.0
634 115.0
635 115.0
636 116.0
637 117.0
638 118.0
639 119.0
640 120.0
641 121.0
642 122.0
643 123.0
644 125.0
645 126.0
646 127.0
647 129.0
648 131.0
649 132.0
650 134.0
651 136.0
652 138.0
653 140.0
654 142.0
655 144.0
656 147.0
657 150.0
658 152.0
659 155.0
660 156.0
661 158.0
662 159.0
663 161.0
664 161.0
665 162.0
666 163.0
667 163.0
668 164.0
669 164.0
670 165.0
671 165.0
672 166.0
673 166.0
674 167.0
675 167.0
676 167.0
677 168.0
678 168.0
679 168.0
680 168.0
681 169.0
682 169.0
683 169.0
684 169.0
685 170.0
686 170.0
687 170.0
688 170.0
689 171.0
690 171.0
691 171.0
692 172.0
693 172.0
694 172.0
695 172.0
696 172.0
697 173.0
698 173.0
699 173.0
700 173.0
701 173.0
702 174.0
703 174.0
704 174.0
705 174.0
706 175.0
707 175.0
708 175.0
709 175.0
710 175.0
711 176.0
712 176.0
713 176.0
714 176.0
715 176.0
716 177.0
717 177.0
718 177.0
719 177.0
720 177.0
721 178.0
722 178.0
723 178.0
724 178.0
725 179.0
726 179.0
727 179.0
728 179.0
729 180.0
730 180.0
731 180.0
732 181.0
733 181.0
734 181.0
735 182.0
736 182.0
737 182.0
738 183.0
739 183.0
740 183.0
741 184.0
742 185.0
743 185.0
744 185.0
745 186.0
746 187.0
747 187.0
748 188.0
749 189.0
750 189.0
751 190.0
752 191.0
753 192.0
754 192.0
755 194.0
756 194.0
757 195.0
758 196.0
759 197.0
760 198.0
761 199.0
762 200.0
763 201.0
764 201.0
765 203.0
766 204.0
767 205.0
768 205.0
769 206.0
770 208.0
771 209.0
772 211.0
773 212.0
774 214.0
775 215.0
776 217.0
777 219.0
778 220.0
779 222.0
780 224.0
781 226.0
782 228.0
783 230.0
784 232.0
785 233.0
786 235.0
787 237.0
788 239.0
789 240.0
790 241.0
791 243.0
792 245.0
793 246.0
794 248.0
795 249.0
796 250.0
797 251.0
798 253.0
799 254.0
800 255.0
801 257.0
802 257.0
803 258.0
804 259.0
805 260.0
806 261.0
807 262.0
808 263.0
809 264.0
810 265.0
811 265.0
812 266.0
813 266.0
814 267.0
815 267.0
816 268.0
817 269.0
818 269.0
819 270.0
820 270.0
821 271.0
822 271.0
823 272.0
824 272.0
825 273.0
826 274.0
827 274.0
828 275.0
829 276.0
830 276.0
831 277.0
832 277.0
833 277.0
834 278.0
835 278.0
836 279.0
837 280.0
838 280.0
839 281.0
840 281.0
841 282.0
842 282.0
843 283.0
844 283.0
845 284.0
846 284.0
847 285.0
848 285.0
849 285.0
850 286.0
851 286.0
852 287.0
853 287.0
854 288.0
855 288.0
856 289.0
857 290.0
858 290.0
859 291.0
860 291.0
861 291.0
862 292.0
863 292.0
864 293.0
865 294.0
866 294.0
867 295.0
868 295.0
869 296.0
870 296.0
871 297.0
872 298.0
873 299.0
874 299.0
875 300.0
876 301.0
877 302.0
878 303.0
879 303.0
880 304.0
881 305.0
882 306.0
883 307.0
884 308.0
885 309.0
886 310.0
887 310.0
888 311.0
889 313.0
890 314.0
891 315.0
892 316.0
893 317.0
894 319.0
895 320.0
896 321.0
897 322.0
898 323.0
899 325.0
900 326.0
901 327.0
902 328.0
903 329.0
904 331.0
905 332.0
906 333.0
907 334.0
908 336.0
909 337.0
910 338.0
911 339.0
912 340.0
913 341.0
914 342.0
915 343.0
916 344.0
917 345.0
918 346.0
919 347.0
920 348.0
921 349.0
922 350.0
923 351.0
924 352.0
925 352.0
926 354.0
927 354.0
928 355.0
929 356.0
930 356.0
931 357.0
932 358.0
933 358.0
934 359.0
935 360.0
936 361.0
937 361.0
938 362.0
939 363.0
940 364.0
941 364.0
942 365.0
943 366.0
944 366.0
945 367.0
946 368.0
947 368.0
948 369.0
949 370.0
950 370.0
951 371.0
952 372.0
953 373.0
954 374.0
955 374.0
956 375.0
957 376.0
958 377.0
959 378.0
960 379.0
961 380.0
962 380.0
963 382.0
964 382.0
965 383.0
966 384.0
967 385.0
968 386.0
969 387.0
970 388.0
971 389.0
972 391.0
973 392.0
974 393.0
975 395.0
976 396.0
977 398.0
978 399.0
979 401.0
980 403.0
981 405.0
982 407.0
983 409.0
984 411.0
985 413.0
986 415.0
987 416.0
988 418.0
989 421.0
990 424.0
991 427.0
992 429.0
993 432.0
994 436.0
995 439.0
996 444.0
997 449.0
998 453.0
999 457.0
1000 463.0
