1 28.0
2 28.0
3 29.0
4 29.0
5 29.0
6 29.0
7 29.0
8 29.0
9 29.0
10 29.0
11 29.0
12 30.0
13 30.0
14 30.0
15 30.0
16 30.0
17 30.0
18 30.0
19 30.0
20 30.0
21 30.0
22 30.0
23 31.0
24 31.0
25 31.0
26 31.0
27 31.0
28 32.0
29 33.0
30 34.0
31 35.0
32 37.0
33 38.0
34 39.0
35 39.0
36 40.0
37 41.0
38 42.0
39 43.0
40 44.0
41 44.0
42 44.0
43 45.0
44 45.0
45 46.0
46 46.0
47 46.0
48 47.0
49 47.0
50 47.0
51 48.0
52 48.0
53 48.0
54 48.0
55 48.0
56 48.0
57 49.0
58 49.0
59 49.0
60 49.0
61 49.0
62 49.0
63 49.0
64 49.0
65 49.0
66 50.0
67 50.0
68 50.0
69 50.0
70 50.0
71 50.0
72 50.0
73 50.0
74 50.0
75 50.0
76 50.0
77 50.0
78 51.0
79 51.0
80 51.0
81 51.0
82 51.0
83 51.0
84 51.0
85 51.0
86 51.0
87 51.0
88 51.0
89 51.0
90 52.0
91 52.0
92 52.0
93 52.0
94 52.0
95 52.0
96 52.0
97 52.0
98 52.0
99 52.0
100 53.0
101 53.0
102 53.0
103 53.0
104 53.0
105 53.0
106 53.0
107 53.0
108 54.0
109 54.0
110 54.0
111 54.0
112 54.0
113 54.0
114 54.0
115 55.0
116 55.0
117 55.0
118 55.0
119 56.0
120 56.0
121 56.0
122 56.0
123 57.0
124 57.0
125 57.0
126 57.0
127 57.0
128 58.0
129 58.0
130 58.0
131 58.0
132 58.0
133 58.0
134 59.0
135 59.0
136 59.0
137 59.0
138 59.0
139 60.0
140 60.0
141 60.0
142 60.0
143 60.0
144 60.0
145 60.0
146 61.0
147 61.0
148 61.0
149 61.0
150 61.0
151 61.0
152 61.0
153 61.0
154 61.0
155 62.0
156 62.0
157 62.0
158 62.0
159 62.0
160 62.0
161 62.0
162 62.0
163 62.0
164 62.0
165 62.0
166 62.0
167 62.0
168 62.0
169 63.0
170 63.0
171 63.0
172 63.0
173 63.0
174 63.0
175 63.0
176 63.0
177 63.0
178 63.0
179 63.0
180 63.0
181 63.0
182 63.0
183 63.0
184 63.0
185 63.0
186 63.0
187 64.0
188 64.0
189 64.0
190 64.0
191 64.0
192 64.0
193 64.0
194 64.0
195 64.0
196 64.0
197 64.0
198 64.0
199 64.0
200 64.0
201 64.0
202 64.0
203 64.0
204 64.0
205 64.0
206 64.0
207 64.0
208 65.0
209 65.0
210 65.0
211 65.0
212 65.0
213 65.0
214 65.0
215 65.0
216 65.0
217 65.0
218 65.0
219 65.0
220 65.0
221 65.0
222 65.0
223 65.0
224 65.0
225 65.0
226 65.0
227 65.0
228 65.0
229 65.0
230 65.0
231 66.0
232 66.0
233 66.0
234 66.0
235 66.0
236 66.0
237 66.0
238 66.0
239 66.0
240 66.0
241 66.0
242 66.0
243 66.0
244 66.0
245 66.0
246 66.0
247 66.0
248 66.0
249 66.0
250 66.0
251 66.0
252 66.0
253 66.0
254 66.0
255 66.0
256 67.0
257 67.0
258 67.0
259 67.0
260 67.0
261 67.0
262 67.0
263 67.0
264 67.0
265 67.0
266 67.0
267 67.0
268 67.0
269 67.0
270 67.0
271 67.0
272 67.0
273 67.0
274 67.0
275 67.0
276 67.0
277 68.0
278 68.0
279 68.0
280 68.0
281 68.0
282 68.0
283 68.0
284 68.0
285 68.0
286 68.0
287 68.0
288 68.0
289 68.0
290 68.0
291 68.0
292 68.0
293 68.0
294 68.0
295 68.0
296 69.0
297 69.0
298 69.0
299 69.0
300 69.0
301 69.0
302 69.0
303 69.0
304 69.0
305 69.0
306 69.0
307 69.0
308 69.0
309 69.0
310 69.0
311 69.0
312 69.0
313 69.0
314 69.0
315 70.0
316 70.0
317 70.0
318 70.0
319 70.0
320 70.0
321 70.0
322 70.0
323 70.0
324 70.0
325 70.0
326 70.0
327 70.0
328 70.0
329 70.0
330 70.0
331 70.0
332 70.0
333 70.0
334 70.0
335 70.0
336 71.0
337 71.0
338 71.0
339 71.0
340 71.0
341 71.0
342 71.0
343 71.0
344 71.0
345 71.0
346 71.0
347 71.0
348 71.0
349 71.0
350 71.0
351 71.0
352 71.0
353 71.0
354 71.0
355 71.0
356 71.0
357 71.0
358 71.0
359 72.0
360 72.0
361 72.0
362 72.0
363 72.0
364 72.0
365 72.0
366 72.0
367 72.0
368 72.0
369 72.0
370 72.0
371 72.0
372 72.0
373 72.0
374 72.0
375 72.0
376 72.0
377 72.0
378 72.0
379 72.0
380 72.0
381 72.0
382 72.0
383 73.0
384 73.0
385 73.0
386 73.0
387 73.0
388 73.0
389 73.0
390 73.0
391 73.0
392 73.0
393 73.0
394 73.0
395 73.0
396 73.0
397 73.0
398 73.0
399 73.0
400 73.0
401 73.0
402 73.0
403 73.0
404 73.0
405 73.0
406 73.0
407 73.0
408 74.0
409 74.0
410 74.0
411 74.0
412 74.0
413 74.0
414 74.0
415 74.0
416 74.0
417 74.0
418 74.0
419 74.0
420 74.0
421 74.0
422 74.0
423 74.0
424 74.0
425 74.0
426 74.0
427 74.0
428 74.0
429 75.0
430 75.0
431 75.0
432 75.0
433 75.0
434 75.0
435 75.0
436 75.0
437 75.0
438 75.0
439 75.0
440 75.0
441 75.0
442 75.0
443 75.0
444 75.0
445 75.0
446 75.0
447 76.0
448 76.0
449 76.0
450 76.0
451 76.0
452 76.0
453 76.0
454 76.0
455 76.0
456 76.0
457 76.0
458 76.0
459 76.0
460 76.0
461 77.0
462 77.0
463 77.0
464 77.0
465 77.0
466 77.0
467 77.0
468 77.0
469 77.0
470 77.0
471 77.0
472 77.0
473 78.0
474 78.0
475 78.0
476 78.0
477 78.0
478 78.0
479 78.0
480 78.0
481 78.0
482 78.0
483 78.0
484 78.0
485 79.0
486 79.0
487 79.0
488 79.0
489 79.0
490 79.0
491 79.0
492 79.0
493 79.0
494 80.0
495 80.0
496 80.0
497 80.0
498 80.0
499 80.0
500 80.0
501 80.0
502 80.0
503 80.0
504 80.0
505 81.0
506 81.0
507 81.0
508 81.0
509 81.0
510 81.0
511 81.0
512 81.0
513 81.0
514 81.0
515 81.0
516 82.0
517 82.0
518 82.0
519 82.0
520 82.0
521 82.0
522 82.0
523 82.0
524 82.0
525 82.0
526 82.0
527 82.0
528 83.0
529 83.0
530 83.0
531 83.0
532 83.0
533 83.0
534 83.0
535 83.0
536 83.0
537 83.0
538 83.0
539 83.0
540 84.0
541 84.0
542 84.0
543 84.0
544 84.0
545 84.0
546 84.0
547 84.0
548 84.0
549 84.0
550 85.0
551 85.0
552 85.0
553 85.0
554 85.0
555 85.0
556 85.0
557 85.0
558 85.0
559 86.0
560 86.0
561 86.0
562 86.0
563 86.0
564 86.0
565 86.0
566 86.0
567 86.0
568 87.0
569 87.0
570 87.0
571 87.0
572 87.0
573 87.0
574 87.0
575 87.0
576 87.0
577 88.0
578 88.0
579 88.0
580 88.0
581 88.0
582 88.0
583 88.0
584 89.0
585 89.0
586 89.0
587 89.0
588 89.0
589 89.0
590 89.0
591 90.0
592 90.0
593 90.0
594 90.0
595 90.0
596 90.0
597 91.0
598 91.0
599 91.0
600 91.0
601 91.0
602 91.0
603 91.0
604 92.0
605 92.0
606 92.0
607 92.0
608 92.0
609 92.0
610 93.0
611 93.0
612 93.0
613 93.0
614 93.0
615 93.0
616 93.0
617 94.0
618 94.0
619 94.0
620 94.0
621 94.0
622 95.0
623 95.0
624 95.0
625 95.0
626 95.0
627 95.0
628 96.0
629 96.0
630 96.0
631 96.0
632 96.0
633 97.0
634 97.0
635 97.0
636 97.0
637 98.0
638 98.0
639 98.0
640 99.0
641 99.0
642 99.0
643 100.0
644 100.0
645 101.0
646 101.0
647 102.0
648 103.0
649 104.0
650 105.0
651 106.0
652 108.0
653 110.0
654 111.0
655 112.0
656 114.0
657 116.0
658 118.0
659 119.0
660 120.0
661 122.0
662 123.0
663 124.0
664 125.0
665 126.0
666 126.0
667 127.0
668 128.0
669 129.0
670 130.0
671 131.0
672 132.0
673 133.0
674 133.0
675 134.0
676 135.0
677 135.0
678 136.0
679 136.0
680 137.0
681 137.0
682 138.0
683 138.0
684 138.0
685 139.0
686 139.0
687 140.0
688 140.0
689 141.0
690 141.0
691 142.0
692 143.0
693 143.0
694 144.0
695 144.0
696 145.0
697 145.0
698 146.0
699 146.0
700 146.0
701 147.0
702 147.0
703 147.0
704 148.0
705 148.0
706 149.0
707 149.0
708 150.0
709 151.0
710 151.0
711 152.0
712 152.0
713 153.0
714 153.0
715 154.0
716 154.0
717 155.0
718 155.0
719 156.0
720 156.0
721 156.0
722 157.0
723 157.0
724 157.0
725 158.0
726 158.0
727 158.0
728 159.0
729 159.0
730 159.0
731 159.0
732 160.0
733 160.0
734 160.0
735 160.0
736 161.0
737 161.0
738 161.0
739 161.0
740 162.0
741 162.0
742 162.0
743 162.0
744 163.0
745 163.0
746 163.0
747 164.0
748 164.0
749 164.0
750 164.0
751 165.0
752 165.0
753 165.0
754 165.0
755 165.0
756 166.0
757 166.0
758 166.0
759 166.0
760 166.0
761 166.0
762 167.0
763 167.0
764 167.0
765 167.0
766 167.0
767 168.0
768 168.0
769 168.0
770 168.0
771 168.0
772 169.0
773 169.0
774 169.0
775 169.0
776 170.0
777 170.0
778 170.0
779 170.0
780 170.0
781 171.0
782 171.0
783 171.0
784 172.0
785 172.0
786 172.0
787 173.0
788 173.0
789 173.0
790 174.0
791 174.0
792 175.0
793 175.0
794 176.0
795 176.0
796 177.0
797 178.0
798 179.0
799 179.0
800 180.0
801 181.0
802 182.0
803 184.0
804 185.0
805 186.0
806 187.0
807 188.0
808 189.0
809 190.0
810 191.0
811 193.0
812 194.0
813 196.0
814 197.0
815 199.0
816 200.0
817 202.0
818 203.0
819 205.0
820 206.0
821 208.0
822 209.0
823 211.0
824 213.0
825 215.0
826 217.0
827 219.0
828 221.0
829 223.0
830 224.0
831 226.0
832 227.0
833 229.0
834 230.0
835 231.0
836 232.0
837 233.0
838 234.0
839 235.0
840 236.0
841 237.0
842 238.0
843 238.0
844 239.0
845 239.0
846 240.0
847 240.0
848 241.0
849 242.0
850 242.0
851 243.0
852 243.0
853 244.0
854 244.0
855 245.0
856 245.0
857 246.0
858 247.0
859 247.0
860 247.0
861 248.0
862 249.0
863 249.0
864 250.0
865 250.0
866 251.0
867 252.0
868 253.0
869 253.0
870 254.0
871 254.0
872 255.0
873 256.0
874 256.0
875 257.0
876 257.0
877 258.0
878 258.0
879 259.0
880 259.0
881 260.0
882 261.0
883 261.0
884 261.0
885 262.0
886 262.0
887 263.0
888 263.0
889 264.0
890 264.0
891 265.0
892 265.0
893 266.0
894 266.0
895 267.0
896 267.0
897 268.0
898 268.0
899 269.0
900 269.0
901 270.0
902 270.0
903 271.0
904 271.0
905 272.0
906 272.0
907 273.0
908 273.0
909 274.0
910 274.0
911 275.0
912 275.0
913 276.0
914 276.0
915 277.0
916 277.0
917 278.0
918 278.0
919 279.0
920 280.0
921 280.0
922 281.0
923 281.0
924 282.0
925 283.0
926 283.0
927 284.0
928 284.0
929 285.0
930 286.0
931 286.0
932 287.0
933 288.0
934 289.0
935 289.0
936 290.0
937 291.0
938 292.0
939 292.0
940 293.0
941 294.0
942 295.0
943 296.0
944 298.0
945 299.0
946 301.0
947 302.0
948 303.0
949 304.0
950 306.0
951 308.0
952 310.0
953 312.0
954 315.0
955 317.0
956 320.0
957 324.0
958 326.0
959 329.0
960 331.0
961 336.0
962 338.0
963 340.0
964 342.0
965 344.0
966 345.0
967 348.0
968 350.0
969 353.0
970 355.0
971 357.0
972 358.0
973 359.0
974 359.0
975 361.0
976 362.0
977 363.0
978 364.0
979 366.0
980 367.0
981 367.0
982 368.0
983 369.0
984 370.0
985 371.0
986 372.0
987 373.0
988 374.0
989 374.0
990 376.0
991 377.0
992 378.0
993 380.0
994 382.0
995 383.0
996 385.0
997 387.0
998 390.0
999 392.0
1000 395.0
