1	485280.0	533282.6	556862.75
2	223445.2	228852.2	236315.3
3	220835.6	222395.65	227670.71
4	226487.8	229168.8	236098.36
5	223022.7	225880.05	230114.11
6	220217.0	222335.0	225454.45
7	226737.4	230289.3	241556.06
8	221233.6	223740.8	227235.16
9	220924.0	223722.5	230996.0
10	221144.4	223620.65	230243.9
11	220790.8	222208.2	226092.88
12	220734.2	223455.0	230275.92
13	220212.3	223006.15	224737.47
14	220298.5	222433.2	228503.27
15	222761.4	224370.9	227574.32
16	220033.5	221887.7	224453.61
17	222512.5	225962.5	229761.5
18	220873.0	223467.1	227556.92
19	219715.0	221549.25	227931.75
20	216513.2	218192.7	220228.59
21 0
22 0
23 0
24 0
25 0
26 0
27	276511.6	289442.8	299787.76
28	213294.7	214113.35	214768.27
29	312897.0	350930.2	360421.72
30	223666.0	266752.5	338535.8
31	217063.1	220471.1	224333.52
32	216624.6	219142.65	222908.59
33	216170.5	218435.5	220545.45
34	216592.1	218306.8	220769.63
35	215168.6	217094.35	223579.71
36	218922.4	219375.6	225052.12
37	354979.2	359347.7	365205.46
38	322202.0	323592.75	334329.5
39	323984.0	325541.0	407746.6
40	324093.8	333681.2	349148.24
41	318325.1	320000.9	320518.47
42	321616.4	322303.75	324117.35
43	323275.8	326820.2	328659.37
44	323636.2	327475.75	337582.55
45	325107.8	327212.2	329524.96
46	320660.8	321214.4	321897.94
47	322010.0	324041.0	328933.0
48	319367.0	319869.0	325674.6
49	327544.8	329798.9	333467.88
50	321774.0	324701.75	325113.0
51	318321.0	320422.0	322272.5
52	320065.5	322483.25	323842.25
53	323024.0	325448.0	331484.0
54	324903.6	325209.9	328278.78
55	324297.5	324461.75	324593.15
56	317719.0	317719.0	317719.0
