1	0
2	0
3	0
4	0
5	0
6	0
7	0
8	0
9	0
10	0
11	0
12	0
13	0
14	0
15	0
16	0
17	0
18	0
19	0
20	0
21	0
22	0
23	0
24	0
25	0
26	0
27	0
28	0
29	0
30	0
31	0
32	0
33	0
34	0
35	0
36	472682.2	474754.1	476411.62
37	425047.1	435236.9	444636.18
38	408520.3	411338.55	424355.94
39	411315.2	421378.7	425399.02
40	402444.4	408218.6	420183.73
41	405937.6	416705.5	422064.44
42	406359.4	414730.0	429019.43
43	410650.0	415993.0	418258.0
44	412164.5	413836.25	418592.25
45	415478.3	417818.95	424223.76
46	411847.0	418030.0	421614.0
47	408210.4	411645.4	420114.88
48	410448.2	413314.9	418193.62
49	416076.4	417370.2	419000.12
50	402091.0	406284.5	416301.8
51	411127.0	416139.5	420527.9
52	410795.8	415082.8	417623.44
53	390341.4	398409.2	402301.92
54	330443.4	370643.7	402803.94
55	321774.1	321958.55	322106.11
