1	0
2	0
3	0
4	0
5	0
6	0
7	0
8	0
9	0
10	0
11	0
12	0
13	0
14	0
15	0
16	0
17	0
18	0
19	0
20	0
21	0
22	0
23	0
24	0
25	0
26	404907.0	404907.0	404907.0
27	369711.4	387367.2	401491.83999999997
28	427572.6	430004.6	448712.88
29	415498.0	417609.2	422496.36
30	406732.6	410729.15	419011.13
31	411225.9	412543.6	414415.88
32	419316.4	421621.8	424313.92
33	423473.0	426342.8	436130.48
34	414082.5	422984.25	424892.93
35	430007.4	439095.6	448392.48
36	422266.0	425681.85	440438.64
37	407146.0	407951.0	408563.8
38	330897.9	334237.35	337118.67
