1	0
2	0
3	0
4	0
5	0
6	0
7	0
8	0
9	0
10	0
11	0
12	0
13	0
14	0
15	0
16	0
17	269641.7	269981.85	270253.97
18	218478.6	222626.4	227194.08
19	305059.0	329246.25	331132.18
20	237788.0	275310.5	320918.6
21	219085.0	220793.5	223739.95
22	217177.6	219441.9	223288.84
23	218469.1	220863.1	224132.56
24	217940.1	220047.5	222319.17
25	218152.1	220055.65	222710.9
26	216315.1	218781.45	221594.55
27	217174.3	219629.05	221110.95
28	217606.8	221385.0	225942.5
29	217035.0	219851.5	224603.98
30	209639.0	211630.0	221332.4
