1	666005.8	691494.6	707725.24
2	336233.4	344148.55	508664.2
3	330770.6	334141.75	340688.66
4	327086.0	329832.9	334838.02
5	327704.0	329642.25	334266.5
6	328126.5	331704.5	343990.05
7	325207.0	328159.2	336733.62
8	324547.1	326617.6	333416.83
9	324003.6	326198.3	331547.26
10	325193.1	327229.3	334019.7
11	322731.5	325182.9	329938.15
12	324562.0	327566.3	330497.6
13	325448.4	327786.6	333974.04
14	325112.4	327678.6	333725.92
15	324822.2	328271.15	332185.31
16	325822.5	328228.25	332754.8
17	317669.9	321024.15	327155.07
18	217799.6	220603.25	226788.36
19	217553.0	219367.0	223380.0
20	217808.2	219466.0	223231.72
21	216501.2	218746.4	224131.52
22	218135.2	220635.45	224777.88
23	217391.4	219214.4	222617.64
24	217820.1	220613.2	226174.59
25	217667.4	219537.2	225665.9
26	217776.8	220244.4	224409.24
27	216081.4	218112.3	221285.04
28	200208.0	200208.0	200208.0
29 0
30 0
31 0
32 0
33 0
34 0
35 0
36	258768.4	269633.2	278325.04
37	296259.0	311483.6	323849.24
38	218422.0	222217.5	229111.05
39	218346.0	220588.0	224799.8
40	218054.5	219619.0	221713.45
41	217875.5	220661.55	225167.16
42	218230.2	222781.35	225961.52
43	218295.8	222302.4	226883.36
44	217246.2	218380.6	222016.76
45	218171.8	220507.7	222076.52
46	216275.0	218104.6	220784.88
47	216461.9	218209.3	223914.04
48	217025.0	219930.0	225676.8
49	217791.8	220513.2	223492.76
50	217828.6	219780.0	224440.68
51	217877.7	220201.5	224881.95
52	217738.4	220456.8	224347.28
53	218538.6	220732.0	224128.62
54	218525.0	219191.0	223732.5
